1	10	11	18	42	43	53	
2	1	9	10	11	18	42	53	55	
3	11	42	
4	9	11	
5	1	55	
6	7	10	
7	10	53	
8	11	
9	9	10	18	43	53	55	
10	9	10	18	42	53	55	57	
11	1	48	49	50	55	
12	11	55	
13	1	10	11	18	48	49	50	53	
14	1	55	
15	1	55	
16	1	10	18	48	49	50	53	54	55	57	
17	54	
18	9	55	
19	55	57	
20	1	9	10	11	18	42	48	49	50	53	55	57	
21	7	11	55	
22	11	42	
23	1	48	49	50	
24	55	57	
25	1	7	9	10	11	18	42	48	49	50	53	55	57	
26	1	10	18	48	49	50	53	55	
27	1	55	
28	1	7	9	55	
29	9	11	
30	10	18	53	55	
31	1	10	18	53	55	
32	10	18	53	54	55	
33	9	10	18	55	
34	11	57	
35	10	18	53	55	
36	9	10	18	53	55	
37	10	18	43	53	
38	1	43	48	49	50	54	
39	1	10	53	55	57	
40	9	10	18	53	55	
41	53	55	
42	10	18	
43	54	
44	9	10	53	55	
45	18	53	
46	7	55	
47	53	55	
48	10	18	53	55	
49	10	18	42	53	
50	7	18	55	57	
51	7	10	18	53	55	
52	53	55	
53	10	18	53	55	
54	7	55	
55	11	55	
56	9	10	18	42	53	55	57	
57	9	53	55	
58	10	18	43	53	55	
59	10	18	54	
60	1	9	10	18	48	49	50	55	
61	10	55	
62	10	18	53	
63	10	18	53	
64	10	53	55	
65	9	10	18	53	55	
66	7	10	18	53	55	
67	7	9	10	18	42	53	55	57	
68	10	18	53	57	
69	9	18	42	53	55	57	
70	7	9	42	
71	7	9	10	11	53	54	
72	7	9	18	42	54	55	57	
73	1	9	11	48	49	50	54	57	
74	55	
75	9	55	
76	53	55	
77	54	
78	18	53	55	
79	1	9	10	18	48	49	50	53	55	
80	7	9	18	
81	9	55	57	
82	7	9	55	57	
83	1	10	18	48	49	50	53	55	57	
84	1	48	49	50	55	
85	1	10	18	53	55	
86	11	55	
87	10	55	
88	9	10	18	53	
89	54	
90	1	9	10	18	43	48	49	50	53	54	55	57	
91	7	10	42	
92	7	10	
93	1	11	48	49	50	
94	42	55	
95	9	10	53	55	
96	10	18	53	
97	7	9	
98	9	55	
99	10	53	55	
100	18	53	
101	9	11	55	
102	1	9	10	18	48	49	50	53	54	55	57	
103	10	18	
104	9	55	
105	9	42	55	
106	7	55	
107	9	10	18	53	55	
108	1	9	18	53	55	
109	1	9	10	18	53	55	
110	7	9	10	18	42	53	
111	7	10	54	55	
112	42	55	
113	9	55	
114	7	42	55	
115	9	55	
116	10	55	
117	9	55	
118	9	10	18	53	55	57	
119	10	18	42	55	
120	10	18	53	
121	9	55	
122	7	
123	7	10	53	55	
124	7	55	
125	18	53	
126	9	10	11	18	53	54	55	
127	9	10	18	
128	9	10	53	54	55	
129	1	9	55	
130	1	18	55	
131	7	42	55	
132	44	55	
133	1	48	49	50	
134	7	55	57	
135	1	48	49	50	
136	4	14	20	23	38	42	
137	1	55	57	
138	55	57	
139	1	9	48	49	50	55	
140	10	54	55	
141	10	18	53	
142	1	10	48	49	50	
143	9	18	53	
144	55	
145	1	7	9	10	18	42	53	55	57	
146	7	9	42	
147	1	7	9	10	11	18	42	43	48	49	50	53	54	55	57	
148	1	48	49	50	57	
149	1	7	9	18	43	53	57	
150	7	10	42	55	57	
151	1	7	9	11	48	49	50	55	57	
152	1	7	9	10	11	18	42	48	49	50	55	57	
153	18	53	
154	7	
155	9	55	
156	9	55	
157	10	55	
158	7	
159	10	53	55	
160	10	55	57	
161	1	10	11	48	49	50	
162	1	10	18	48	49	50	
163	1	10	55	
164	10	42	53	
165	53	55	
166	7	9	10	18	53	55	
167	1	7	10	43	55	
168	10	43	53	57	
169	42	55	
170	9	55	
171	3	7	9	59	
172	10	18	53	55	
173	7	57	
174	7	10	18	42	53	55	57	
175	1	7	9	10	18	48	49	50	53	54	55	57	
176	9	55	
177	1	10	48	49	50	55	
178	55	57	
179	10	53	55	57	
180	10	18	43	53	55	57	
181	42	57	
182	1	9	10	11	18	53	55	
183	7	11	55	
184	7	9	18	55	
185	1	7	10	11	48	49	50	53	
186	9	
187	10	18	53	
188	1	48	49	50	
189	1	48	49	50	
190	9	10	53	55	
191	10	53	55	
192	7	57	
193	9	55	
194	9	10	53	55	
195	9	55	
196	1	7	10	18	42	48	49	50	54	
197	9	
198	9	55	
199	10	18	
200	10	53	55	
201	1	9	10	18	48	49	50	53	55	
202	11	55	
203	10	11	18	
204	11	55	
205	9	10	18	53	54	55	
206	11	55	
207	7	9	10	18	53	55	57	
208	7	11	55	
209	1	18	48	49	50	
210	7	11	55	
211	10	
212	9	10	
213	9	42	55	
214	10	55	
215	7	10	53	
216	11	55	
217	1	9	10	18	42	48	49	50	53	55	
218	10	53	
219	18	55	
220	9	55	
221	7	9	10	18	53	55	
222	1	10	53	55	57	
223	9	10	18	53	55	
224	9	55	57	
225	1	10	18	48	49	50	53	55	
226	9	11	55	
227	1	10	18	48	49	50	53	55	
228	9	10	42	43	55	57	
229	10	53	55	57	
230	7	55	
231	7	9	
232	7	9	18	55	
233	55	
234	1	7	10	18	48	49	50	53	55	57	
235	9	55	
236	10	11	18	
237	1	9	11	55	57	
238	55	57	
239	1	9	11	48	49	50	55	57	
240	9	10	18	
241	1	7	10	18	42	48	49	50	53	55	58	
242	10	55	
243	7	55	57	
244	10	18	53	55	
245	9	10	18	53	55	
246	18	53	
247	10	18	
248	10	55	
249	7	42	
250	7	15	25	29	36	
251	10	18	53	
252	10	11	18	53	55	
253	55	57	
254	11	55	
255	10	53	55	
256	7	10	18	42	53	55	
257	10	53	
258	10	18	53	
259	7	42	55	
260	9	10	42	53	55	57	
261	1	48	49	50	
262	1	48	49	50	
263	7	53	
264	55	
265	1	55	
266	9	55	
267	9	55	
268	1	9	10	18	42	48	49	50	53	55	
269	8	19	
270	7	58	
271	7	53	55	
272	7	55	
273	1	18	48	49	50	
274	55	
275	11	55	
276	11	55	
277	7	55	
278	7	42	53	55	58	
279	7	42	
280	7	55	
281	42	55	
282	10	53	55	
283	11	42	
284	10	55	
285	1	7	9	10	18	42	48	49	50	53	54	55	57	
286	1	48	49	50	58	
287	9	11	55	
288	1	7	9	10	18	42	48	49	50	53	55	
289	9	55	
290	9	10	
291	10	11	
292	9	10	
293	1	55	
294	55	57	
295	9	10	55	
296	7	10	
297	1	9	10	48	49	50	53	55	57	
298	18	53	55	
299	1	9	10	18	42	48	49	50	53	55	
300	9	10	55	
301	42	55	
302	7	42	55	
303	7	55	
304	10	53	55	
305	42	55	
306	10	53	
307	7	9	55	57	
308	9	10	18	53	55	
309	9	55	
310	1	10	48	49	50	55	
311	1	10	55	
312	53	55	
313	42	55	
314	9	11	55	
315	9	10	43	55	
316	10	18	53	
317	10	18	53	
318	10	11	
319	10	53	
320	7	9	18	53	55	57	
321	1	7	10	18	48	49	50	53	55	57	
322	1	48	49	50	54	
323	10	18	53	
324	1	55	
325	54	
326	1	55	
327	1	10	11	55	
328	18	53	55	57	58	
329	11	55	
330	10	18	53	55	57	
331	7	55	
332	10	11	
333	55	57	
334	7	10	55	
335	11	55	
336	7	55	57	
337	9	55	
338	7	11	53	
339	11	42	
340	9	10	18	43	53	55	57	
341	1	7	55	
342	10	18	
343	10	11	
344	11	53	
345	1	55	
346	1	9	10	11	18	48	49	50	53	54	55	57	
347	10	18	42	53	55	
348	10	55	
349	1	10	18	53	55	
350	9	18	42	55	
351	11	57	
352	7	18	55	
353	10	
354	55	57	
355	11	42	55	
356	1	9	10	11	18	43	48	49	50	53	55	57	
357	10	18	53	55	
358	9	18	53	
359	1	48	49	50	53	55	
360	1	7	53	55	57	
361	9	53	
362	54	
363	9	11	57	
364	9	55	
365	1	9	10	18	53	55	57	
366	10	55	
367	55	57	
368	1	10	48	49	50	53	
369	1	10	18	53	55	
370	7	9	10	18	53	55	57	
371	10	55	
372	10	55	
373	7	10	42	43	55	
374	7	55	
375	5	32	
376	10	18	53	
377	1	53	55	
378	10	18	53	
379	1	9	10	11	18	48	49	50	53	55	57	
380	9	55	
381	7	9	55	57	
382	9	10	43	
383	7	42	
384	9	55	
385	1	18	55	
386	18	53	55	
387	1	9	18	55	
388	9	55	
389	10	53	
390	9	53	
391	1	10	55	
392	9	55	
393	7	55	
394	1	48	49	50	
395	1	55	
396	9	10	18	53	55	
397	1	7	9	10	18	48	49	50	53	55	
398	18	53	
399	9	10	18	53	55	
400	10	53	
401	55	
402	7	55	
403	10	18	53	
404	9	55	
405	10	
406	42	55	
407	10	18	53	
408	42	53	55	
409	43	55	
410	10	53	55	
411	1	9	10	18	48	49	50	53	55	
412	1	9	42	48	49	50	53	
413	7	9	55	57	
414	10	53	55	
415	10	11	18	53	
416	1	11	55	
417	18	53	55	
418	9	10	55	57	
419	7	9	55	
420	9	55	
421	1	9	10	18	42	48	49	50	53	55	57	
422	1	48	49	50	
423	7	55	57	
424	10	55	
425	9	55	
426	7	55	
427	53	55	
428	9	55	
429	1	10	18	53	55	
430	42	55	
431	10	53	
432	7	9	42	55	
433	10	18	
434	10	55	
435	11	
436	10	55	
437	10	18	57	
438	7	42	
439	1	7	9	10	18	43	48	49	50	53	55	57	
440	1	10	18	53	55	57	
441	9	10	11	53	55	
442	10	53	57	
443	11	55	
444	10	57	
445	55	
446	10	53	57	
447	10	11	
448	11	53	
449	55	57	
450	7	55	
451	9	10	
452	10	18	57	
453	10	43	55	
454	9	10	
455	1	10	18	48	49	50	53	55	
456	9	10	53	55	
457	55	
458	10	53	55	
459	10	18	53	
460	7	55	
461	9	10	18	55	
462	9	10	53	55	
463	10	55	
464	42	55	
465	7	10	55	
466	55	
467	1	7	10	18	53	55	
468	1	48	49	50	55	57	
469	9	55	
470	7	10	53	55	
471	7	9	10	
472	7	
473	18	53	
474	10	18	53	
475	10	53	55	57	
476	7	10	18	42	43	53	54	
477	9	10	
478	7	11	
479	10	53	55	
480	1	9	10	18	48	49	50	53	54	55	
481	1	7	10	11	18	48	49	50	53	54	55	57	
482	9	10	18	
483	55	57	
484	1	9	10	11	18	48	49	50	53	55	
485	7	10	
486	28	56	
487	9	
488	7	55	
489	7	57	
490	7	9	55	
491	9	55	
492	7	42	
493	9	10	
494	9	42	
495	1	10	48	49	50	55	
496	7	18	
497	10	42	
498	9	10	11	18	42	55	
499	43	53	
500	1	10	48	49	50	53	
501	1	10	48	49	50	
502	42	55	
503	10	18	53	55	
504	18	42	53	55	57	
505	11	55	
506	10	18	
507	1	7	10	55	
508	10	11	18	
509	1	10	48	49	50	
510	7	9	55	
511	1	7	9	10	11	18	48	49	50	53	54	55	
512	10	18	53	
513	10	18	55	
514	1	9	10	18	48	49	50	53	55	
515	55	57	
516	7	9	55	57	
517	9	57	
518	1	10	18	48	49	50	53	55	
519	9	55	
520	1	18	42	55	57	
521	9	53	55	57	
522	1	9	55	
523	18	55	
524	7	18	42	55	
525	10	18	53	55	
526	9	10	18	53	55	57	
527	10	43	55	
528	1	55	
529	54	55	
530	54	
531	53	55	
532	10	18	53	55	
533	7	
534	7	10	
535	10	18	53	55	
536	10	18	55	
537	9	55	
538	11	53	
539	1	10	55	
540	7	55	57	
541	7	42	55	
542	43	54	
543	55	57	
544	1	48	49	50	53	55	57	
545	9	10	18	53	55	57	
546	7	9	42	55	
547	42	53	
548	7	9	
549	10	55	
550	1	10	48	49	50	55	
551	9	10	53	55	57	
552	1	7	10	18	43	48	49	50	53	55	
553	53	55	
554	7	9	55	57	
555	10	
556	10	18	53	55	
557	6	27	35	39	40	45	46	47	
558	1	48	49	50	
559	10	53	55	
560	9	18	53	55	
561	9	55	
562	11	55	
563	10	18	42	53	55	
564	7	55	
565	1	9	10	18	53	55	
566	1	18	55	
567	7	9	
568	1	10	11	18	48	49	50	53	55	
569	7	55	
570	1	9	10	11	18	53	55	
571	9	55	
572	7	10	18	42	53	55	
573	10	18	53	55	
574	9	55	
575	1	48	49	50	
576	1	9	48	49	50	55	
577	1	9	10	18	53	55	57	
578	10	
579	7	55	
580	9	55	
581	10	18	53	
582	1	9	10	48	49	50	53	55	57	
583	1	9	18	48	49	50	55	57	
584	10	55	
585	1	9	10	18	48	49	50	53	54	55	
586	10	43	53	55	
587	9	10	
588	1	55	57	
589	10	11	18	53	
590	7	10	18	
591	10	53	
592	10	53	
593	10	18	
594	18	55	
595	9	55	
596	9	10	18	53	55	57	
597	1	43	48	49	50	
598	10	18	53	54	55	57	
599	55	
600	1	10	48	49	50	55	
601	7	55	
602	7	9	55	
603	9	55	
604	42	55	
605	55	57	
606	9	53	
607	18	53	
608	10	53	
609	1	48	49	50	53	
610	1	10	11	18	48	49	50	55	
611	53	55	
612	42	55	
613	7	42	
614	7	9	10	18	42	53	55	57	
615	9	55	
616	1	55	
617	9	10	18	53	54	55	57	
618	1	9	55	
619	42	55	
620	1	7	9	10	11	18	42	48	49	50	53	55	
621	1	18	55	
622	9	42	55	
623	9	55	
624	9	55	
625	7	10	
626	10	55	
627	10	18	53	55	
628	42	55	
629	11	58	
630	1	9	10	11	18	48	49	50	53	55	
631	55	
632	10	55	
633	9	55	
634	1	10	42	48	49	50	53	55	
635	11	42	55	
636	10	11	18	55	
637	7	10	
638	9	55	
639	55	57	
640	10	55	
641	7	10	55	
642	1	9	10	48	49	50	53	55	57	
643	18	42	55	
644	9	10	18	53	55	
645	1	10	18	48	49	50	54	55	
646	9	10	18	53	55	
647	9	18	
648	10	11	53	55	57	
649	11	55	
650	10	18	55	
651	1	10	11	18	42	43	53	55	
652	10	11	18	42	53	55	
653	9	18	55	
654	1	9	10	11	18	48	49	50	53	55	
655	18	53	
656	7	55	
657	1	7	9	10	18	48	49	50	53	54	55	
658	1	7	9	10	18	48	49	50	53	54	55	57	
659	42	55	
660	7	
661	10	18	
662	1	10	48	49	50	53	55	57	
663	53	55	
664	9	11	
665	1	11	18	53	55	
666	1	9	10	18	53	55	
667	1	10	11	55	
668	9	10	43	53	55	
669	7	10	18	42	53	55	
670	55	
671	7	55	57	
672	7	11	
673	10	18	53	57	
674	53	55	
675	10	18	
676	7	55	
677	10	11	18	43	53	55	
678	10	18	53	
679	7	55	
680	54	
681	54	
682	54	
683	1	48	49	50	
684	10	18	43	53	55	
685	7	55	57	
686	9	42	55	
687	1	9	10	18	48	49	50	53	55	
688	1	10	18	53	55	
689	1	10	18	53	55	
690	7	26	33	34	41	51	52	57	
691	7	55	
692	1	18	53	55	
693	9	10	18	55	
694	7	9	11	42	55	57	
695	1	10	18	53	55	
696	9	55	
697	7	55	
698	1	7	18	48	49	50	55	
699	7	18	55	
700	1	9	10	18	48	49	50	53	55	57	
701	9	10	18	53	55	
702	11	55	
703	55	57	
704	9	10	18	53	55	
705	7	9	53	55	57	
706	9	10	18	53	55	57	
707	10	53	55	
708	9	
709	1	9	48	49	50	55	
710	7	57	
711	55	57	
712	7	42	55	
713	1	48	49	50	
714	7	9	55	
715	10	18	53	
716	9	10	18	55	
717	7	10	55	
718	11	53	
719	10	11	18	
720	7	55	
721	7	55	
722	7	11	55	57	
723	42	55	
724	7	55	
725	7	42	
726	1	10	11	18	53	54	55	
727	1	10	18	53	55	
728	11	18	53	55	
729	9	11	18	
730	1	9	10	53	55	
731	1	10	55	
732	13	17	37	
733	1	10	18	53	55	57	
734	10	18	42	
735	9	55	
736	53	55	
737	9	10	18	53	55	
738	10	18	
739	42	55	
740	1	7	9	10	18	48	49	50	
741	53	55	
742	1	48	49	50	55	
743	10	53	55	
744	1	7	55	57	
745	1	11	48	49	50	55	
746	9	10	18	42	53	57	
747	9	10	18	42	53	55	
748	9	42	
749	11	55	
750	11	
751	9	42	
752	11	55	
753	18	55	
754	7	9	10	18	53	55	
755	7	10	18	55	57	
756	11	55	
757	2	9	
758	9	10	11	18	53	55	
759	9	10	18	53	54	55	
760	9	55	
761	55	57	
762	7	9	55	
763	7	55	
764	10	53	55	
765	7	42	
766	42	55	
767	1	9	10	18	48	49	50	53	55	
768	7	55	
769	10	11	18	55	
770	10	18	43	53	55	57	
771	7	9	10	18	53	55	57	
772	7	42	
773	7	9	10	11	18	42	53	55	
774	10	11	18	
775	43	55	
776	42	55	
777	1	48	49	50	55	
778	9	10	18	43	53	55	
779	10	18	53	55	
780	9	10	11	
781	10	18	
782	9	55	
783	9	10	11	53	
784	1	55	
785	10	53	55	
786	9	42	55	
787	7	42	57	58	
788	11	55	
789	7	10	18	53	55	
790	11	55	
791	42	58	
792	9	10	18	53	55	
793	9	10	18	55	
794	18	53	
795	10	42	53	55	
796	9	10	18	53	55	
797	10	11	18	55	
798	1	10	18	48	49	50	53	55	
799	1	48	49	50	55	
800	10	11	53	
801	9	10	18	53	55	
802	57	
803	1	9	10	18	42	48	49	50	53	55	
804	43	54	
805	53	55	
806	9	42	
807	1	18	53	55	
808	9	
809	7	10	53	54	57	
810	7	55	
811	9	10	18	
812	55	
813	7	10	53	
814	7	9	53	
815	42	55	
816	7	9	55	
817	9	10	18	53	55	
818	9	55	
819	10	18	
820	7	55	
821	7	55	
822	42	43	
823	18	42	53	55	57	
824	55	57	
825	9	11	54	
826	12	42	57	
827	55	
828	7	55	
829	55	57	
830	7	18	55	
831	10	18	53	55	
832	55	
833	7	9	55	
834	10	53	55	
835	18	55	
836	10	18	53	54	55	
837	11	42	
838	10	47	53	57	
839	10	11	53	
840	7	9	10	24	31	42	53	55	57	
841	1	7	9	10	18	48	49	50	53	55	57	
842	10	53	55	
843	10	53	
844	9	10	18	53	55	
845	1	42	
846	10	18	53	
847	7	55	57	
848	10	55	
849	10	18	
850	18	53	
851	53	55	
852	11	55	57	
853	1	18	55	
854	9	55	
855	9	10	
856	7	53	55	
857	10	18	53	55	
858	11	
859	42	55	
860	10	42	55	
861	9	10	55	57	
862	1	9	10	18	48	49	50	53	54	
863	42	55	
864	1	9	10	18	42	43	48	49	50	53	54	55	57	
865	1	18	53	55	
866	10	18	53	
867	7	55	
868	21	22	
869	42	55	
870	42	55	
871	42	55	
872	42	53	
873	1	9	10	18	53	55	57	
874	11	18	53	55	
875	1	7	9	11	55	
876	1	7	9	10	18	43	48	49	50	53	54	55	
877	1	7	9	43	48	49	50	54	55	
878	7	9	10	53	55	
879	18	53	55	
880	7	55	57	
881	1	48	49	50	55	
882	10	53	55	
883	10	18	42	53	55	
884	1	7	9	10	11	12	16	18	30	35	42	48	49	50	53	54	55	57	
885	1	9	10	18	53	55	
886	7	55	
887	7	9	18	42	53	55	57	
888	9	10	11	42	53	55	57	
889	18	42	55	
890	9	55	
891	10	53	55	
892	10	53	
893	9	10	
894	1	9	10	18	43	48	49	50	53	54	55	57	
895	9	
896	7	10	18	43	53	55	57	
897	7	55	57	
898	42	53	
899	1	53	55	
900	1	55	
901	11	55	
902	11	55	
903	7	10	
904	7	10	42	55	57	58	
905	9	11	55	
906	9	10	11	18	53	
907	42	57	58	
908	18	55	
909	10	53	
910	7	9	55	
911	9	10	11	53	55	57	
912	55	
913	9	55	
914	1	9	10	18	53	54	55	
915	7	9	
916	7	55	
917	1	10	18	42	48	49	50	53	55	
918	1	10	18	55	
919	11	55	
920	42	55	
921	9	10	18	53	55	
922	7	9	10	18	53	54	55	
923	9	42	
924	7	55	
925	1	48	49	50	
926	1	10	18	48	49	50	55	
927	1	7	9	10	18	48	49	50	53	55	57	
928	7	10	18	42	43	53	54	57	
929	54	57	
930	1	10	18	48	49	50	53	
931	10	18	
932	11	42	
933	10	11	
934	10	18	53	55	
935	18	55	
