1	2	5	11	13	14	15	16	20	23	25	26	27	28	31	38	39	60	73	79	83	84	85	90	93	102	108	109	129	130	133	135	137	139	142	145	147	148	149	151	152	161	162	163	167	175	177	182	185	188	189	196	201	209	217	222	225	227	234	237	239	241	261	262	265	268	273	285	286	288	293	297	299	310	311	321	322	324	326	327	341	345	346	349	356	359	360	365	368	369	377	379	385	387	391	394	395	397	411	412	416	421	422	429	439	440	455	467	468	480	481	484	495	500	501	507	509	511	514	518	520	522	528	539	544	550	552	558	565	566	568	570	575	576	577	582	583	585	588	597	600	609	610	616	618	620	621	630	634	642	645	651	654	657	658	662	665	666	667	683	687	688	689	692	695	698	700	709	713	726	727	730	731	733	740	742	744	745	767	777	784	798	799	803	807	841	845	853	862	864	865	873	875	876	877	881	884	885	894	899	900	914	917	918	925	926	927	930	
2	757	
3	171	
4	136	
5	375	
6	557	
7	6	21	25	28	46	50	51	54	66	67	70	71	72	80	82	91	92	97	106	110	111	114	122	123	124	131	134	145	146	147	149	150	151	152	154	158	166	167	171	173	174	175	183	184	185	192	196	207	208	210	215	221	230	231	232	234	241	243	249	250	256	259	263	270	271	272	277	278	279	280	285	288	296	302	303	307	320	321	331	334	336	338	341	352	360	370	373	374	381	383	393	397	402	413	419	423	426	432	438	439	450	460	465	467	470	471	472	476	478	481	485	488	489	490	492	496	507	510	511	516	524	533	534	540	541	546	548	552	554	564	567	569	572	579	590	601	602	613	614	620	625	637	641	656	657	658	660	669	671	672	676	679	685	690	691	694	697	698	699	705	710	712	714	717	720	721	722	724	725	740	744	754	755	762	763	765	768	771	772	773	787	789	809	810	813	814	816	820	821	828	830	833	840	841	847	856	867	875	876	877	878	880	884	886	887	896	897	903	904	910	915	916	922	924	927	928	
8	269	
9	2	4	9	10	18	20	25	28	29	33	36	40	44	56	57	60	65	67	69	70	71	72	73	75	79	80	81	82	88	90	95	97	98	101	102	104	105	107	108	109	110	113	115	117	118	121	126	127	128	129	139	143	145	146	147	149	151	152	155	156	166	170	171	175	176	182	184	186	190	193	194	195	197	198	201	205	207	212	213	217	220	221	223	224	226	228	231	232	235	237	239	240	245	260	266	267	268	285	287	288	289	290	292	295	297	299	300	307	308	309	314	315	320	337	340	346	350	356	358	361	363	364	365	370	379	380	381	382	384	387	388	390	392	396	397	399	404	411	412	413	418	419	420	421	425	428	432	439	441	451	454	456	461	462	469	471	477	480	482	484	487	490	491	493	494	498	510	511	514	516	517	519	521	522	526	537	545	546	548	551	554	560	561	565	567	570	571	574	576	577	580	582	583	585	587	595	596	602	603	606	614	615	617	618	620	622	623	624	630	633	638	642	644	646	647	653	654	657	658	664	666	668	686	687	693	694	696	700	701	704	705	706	708	709	714	716	729	730	735	737	740	746	747	748	751	754	757	758	759	760	762	767	771	773	778	780	782	783	786	792	793	796	801	803	806	808	811	814	816	817	818	825	833	840	841	844	854	855	861	862	864	873	875	876	877	878	884	885	887	888	890	893	894	895	905	906	910	911	913	914	915	921	922	923	927	
10	1	2	6	7	9	10	13	16	20	25	26	30	31	32	33	35	36	37	39	40	42	44	48	49	51	53	56	58	59	60	61	62	63	64	65	66	67	68	71	79	83	85	87	88	90	91	92	95	96	99	102	103	107	109	110	111	116	118	119	120	123	126	127	128	140	141	142	145	147	150	152	157	159	160	161	162	163	164	166	167	168	172	174	175	177	179	180	182	185	187	190	191	194	196	199	200	201	203	205	207	211	212	214	215	217	218	221	222	223	225	227	228	229	234	236	240	241	242	244	245	247	248	251	252	255	256	257	258	260	268	282	284	285	288	290	291	292	295	296	297	299	300	304	306	308	310	311	315	316	317	318	319	321	323	327	330	332	334	340	342	343	346	347	348	349	353	356	357	365	366	368	369	370	371	372	373	376	378	379	382	389	391	396	397	399	400	403	405	407	410	411	414	415	418	421	424	429	431	433	434	436	437	439	440	441	442	444	446	447	451	452	453	454	455	456	458	459	461	462	463	465	467	470	471	474	475	476	477	479	480	481	482	484	485	493	495	497	498	500	501	503	506	507	508	509	511	512	513	514	518	525	526	527	532	534	535	536	539	545	549	550	551	552	555	556	559	563	565	568	570	572	573	577	578	581	582	584	585	586	587	589	590	591	592	593	596	598	600	608	610	614	617	620	625	626	627	630	632	634	636	637	640	641	642	644	645	646	648	650	651	652	654	657	658	661	662	666	667	668	669	673	675	677	678	684	687	688	689	693	695	700	701	704	706	707	715	716	717	719	726	727	730	731	733	734	737	738	740	743	746	747	754	755	758	759	764	767	769	770	771	773	774	778	779	780	781	783	785	789	792	793	795	796	797	798	800	801	803	809	811	813	817	819	831	834	836	838	839	840	841	842	843	844	846	848	849	855	857	860	861	862	864	866	873	876	878	882	883	884	885	888	891	892	893	894	896	903	904	906	909	911	914	917	918	921	922	926	927	928	930	931	933	934	
11	1	2	3	4	8	12	13	20	21	22	25	29	34	55	71	73	86	93	101	126	147	151	152	161	182	183	185	202	203	204	206	208	210	216	226	236	237	239	252	254	275	276	283	287	291	314	318	327	329	332	335	338	339	343	344	346	351	355	356	363	379	415	416	435	441	443	447	448	478	481	484	498	505	508	511	538	562	568	570	589	610	620	629	630	635	636	648	649	651	652	654	664	665	667	672	677	694	702	718	719	722	726	728	729	745	749	750	752	756	758	769	773	774	780	783	788	790	797	800	825	837	839	852	858	874	875	884	888	901	902	905	906	911	919	932	933	
12	826	884	
13	732	
14	136	
15	250	
16	884	
17	732	
18	1	2	9	10	13	16	20	25	26	30	31	32	33	35	36	37	40	42	45	48	49	50	51	53	56	58	59	60	62	63	65	66	67	68	69	72	78	79	80	83	85	88	90	96	100	102	103	107	108	109	110	118	119	120	125	126	127	130	141	143	145	147	149	152	153	162	166	172	174	175	180	182	184	187	196	199	201	203	205	207	209	217	219	221	223	225	227	232	234	236	240	241	244	245	246	247	251	252	256	258	268	273	285	288	298	299	308	316	317	320	321	323	328	330	340	342	346	347	349	350	352	356	357	358	365	369	370	376	378	379	385	386	387	396	397	398	399	403	407	411	415	417	421	429	433	437	439	440	452	455	459	461	467	473	474	476	480	481	482	484	496	498	503	504	506	508	511	512	513	514	518	520	523	524	525	526	532	535	536	545	552	556	560	563	565	566	568	570	572	573	577	581	583	585	589	590	593	594	596	598	607	610	614	617	620	621	627	630	636	643	644	645	646	647	650	651	652	653	654	655	657	658	661	665	666	669	673	675	677	678	684	687	688	689	692	693	695	698	699	700	701	704	706	715	716	719	726	727	728	729	733	734	737	738	740	746	747	753	754	755	758	759	767	769	770	771	773	774	778	779	781	789	792	793	794	796	797	798	801	803	807	811	817	819	823	830	831	835	836	841	844	846	849	850	853	857	862	864	865	866	873	874	876	879	883	884	885	887	889	894	896	906	908	914	917	918	921	922	926	927	928	930	931	934	935	
19	269	
20	136	
21	868	
22	868	
23	136	
24	840	
25	250	
26	690	
27	557	
28	486	
29	250	
30	884	
31	840	
32	375	
33	690	
34	690	
35	557	884	
36	250	
37	732	
38	136	
39	557	
40	557	
41	690	
42	1	2	3	10	20	22	25	49	56	67	69	70	72	91	94	105	110	112	114	119	131	136	145	146	147	150	152	164	169	174	181	196	213	217	228	241	249	256	259	260	268	278	279	281	283	285	288	299	301	302	305	313	339	347	350	355	373	383	406	408	412	421	430	432	438	464	476	492	494	497	498	502	504	520	524	541	546	547	563	572	604	612	613	614	619	620	622	628	634	635	643	651	652	659	669	686	694	712	723	725	734	739	746	747	748	751	765	766	772	773	776	786	787	791	795	803	806	815	822	823	826	837	840	845	859	860	863	864	869	870	871	872	883	884	887	888	889	898	904	907	917	920	923	928	932	
43	1	9	37	38	58	90	147	149	167	168	180	228	315	340	356	373	382	409	439	453	476	499	527	542	552	586	597	651	668	677	684	770	775	778	804	822	864	876	877	894	896	928	
44	132	
45	557	
46	557	
47	557	838	
48	11	13	16	20	23	25	26	38	60	73	79	83	84	90	93	102	133	135	139	142	147	148	151	152	161	162	175	177	185	188	189	196	201	209	217	225	227	234	239	241	261	262	268	273	285	286	288	297	299	310	321	322	346	356	359	368	379	394	397	411	412	421	422	439	455	468	480	481	484	495	500	501	509	511	514	518	544	550	552	558	568	575	576	582	583	585	597	600	609	610	620	630	634	642	645	654	657	658	662	683	687	698	700	709	713	740	742	745	767	777	798	799	803	841	862	864	876	877	881	884	894	917	925	926	927	930	
49	11	13	16	20	23	25	26	38	60	73	79	83	84	90	93	102	133	135	139	142	147	148	151	152	161	162	175	177	185	188	189	196	201	209	217	225	227	234	239	241	261	262	268	273	285	286	288	297	299	310	321	322	346	356	359	368	379	394	397	411	412	421	422	439	455	468	480	481	484	495	500	501	509	511	514	518	544	550	552	558	568	575	576	582	583	585	597	600	609	610	620	630	634	642	645	654	657	658	662	683	687	698	700	709	713	740	742	745	767	777	798	799	803	841	862	864	876	877	881	884	894	917	925	926	927	930	
50	11	13	16	20	23	25	26	38	60	73	79	83	84	90	93	102	133	135	139	142	147	148	151	152	161	162	175	177	185	188	189	196	201	209	217	225	227	234	239	241	261	262	268	273	285	286	288	297	299	310	321	322	346	356	359	368	379	394	397	411	412	421	422	439	455	468	480	481	484	495	500	501	509	511	514	518	544	550	552	558	568	575	576	582	583	585	597	600	609	610	620	630	634	642	645	654	657	658	662	683	687	698	700	709	713	740	742	745	767	777	798	799	803	841	862	864	876	877	881	884	894	917	925	926	927	930	
51	690	
52	690	
53	1	2	7	9	10	13	16	20	25	26	30	31	32	35	36	37	39	40	41	44	45	47	48	49	51	52	53	56	57	58	62	63	64	65	66	67	68	69	71	76	78	79	83	85	88	90	95	96	99	100	102	107	108	109	110	118	120	123	125	126	128	141	143	145	147	149	153	159	164	165	166	168	172	174	175	179	180	182	185	187	190	191	194	200	201	205	207	215	217	218	221	222	223	225	227	229	234	241	244	245	246	251	252	255	256	257	258	260	263	268	271	278	282	285	288	297	298	299	304	306	308	312	316	317	319	320	321	323	328	330	338	340	344	346	347	349	356	357	358	359	360	361	365	368	369	370	376	377	378	379	386	389	390	396	397	398	399	400	403	407	408	410	411	412	414	415	417	421	427	429	431	439	440	441	442	446	448	455	456	458	459	462	467	470	473	474	475	476	479	480	481	484	499	500	503	504	511	512	514	518	521	525	526	531	532	535	538	544	545	547	551	552	553	556	559	560	563	565	568	570	572	573	577	581	582	585	586	589	591	592	596	598	606	607	608	609	611	614	617	620	627	630	634	642	644	646	648	651	652	654	655	657	658	662	663	665	666	668	669	673	674	677	678	684	687	688	689	692	695	700	701	704	705	706	707	715	718	726	727	728	730	733	736	737	741	743	746	747	754	758	759	764	767	770	771	773	778	779	783	785	789	792	794	795	796	798	800	801	803	805	807	809	813	814	817	823	831	834	836	838	839	840	841	842	843	844	846	850	851	856	857	862	864	865	866	872	873	874	876	878	879	882	883	884	885	887	888	891	892	894	896	898	899	906	909	911	914	917	921	922	927	928	930	934	
54	16	17	32	38	43	59	71	72	73	77	89	90	102	111	126	128	140	147	175	196	205	285	322	325	346	362	476	480	481	511	529	530	542	585	598	617	645	657	658	680	681	682	726	759	804	809	825	836	862	864	876	877	884	894	914	922	928	929	
55	2	5	9	10	11	12	14	15	16	18	19	20	21	24	25	26	27	28	30	31	32	33	35	36	39	40	41	44	46	47	48	50	51	52	53	54	55	56	57	58	60	61	64	65	66	67	69	72	74	75	76	78	79	81	82	83	84	85	86	87	90	94	95	98	99	101	102	104	105	106	107	108	109	111	112	113	114	115	116	117	118	119	121	123	124	126	128	129	130	131	132	134	137	138	139	140	144	145	147	150	151	152	155	156	157	159	160	163	165	166	167	169	170	172	174	175	176	177	178	179	180	182	183	184	190	191	193	194	195	198	200	201	202	204	205	206	207	208	210	213	214	216	217	219	220	221	222	223	224	225	226	227	228	229	230	232	233	234	235	237	238	239	241	242	243	244	245	248	252	253	254	255	256	259	260	264	265	266	267	268	271	272	274	275	276	277	278	280	281	282	284	285	287	288	289	293	294	295	297	298	299	300	301	302	303	304	305	307	308	309	310	311	312	313	314	315	320	321	324	326	327	328	329	330	331	333	334	335	336	337	340	341	345	346	347	348	349	350	352	354	355	356	357	359	360	364	365	366	367	369	370	371	372	373	374	377	379	380	381	384	385	386	387	388	391	392	393	395	396	397	399	401	402	404	406	408	409	410	411	413	414	416	417	418	419	420	421	423	424	425	426	427	428	429	430	432	434	436	439	440	441	443	445	449	450	453	455	456	457	458	460	461	462	463	464	465	466	467	468	469	470	475	479	480	481	483	484	488	490	491	495	498	502	503	504	505	507	510	511	513	514	515	516	518	519	520	521	522	523	524	525	526	527	528	529	531	532	535	536	537	539	540	541	543	544	545	546	549	550	551	552	553	554	556	559	560	561	562	563	564	565	566	568	569	570	571	572	573	574	576	577	579	580	582	583	584	585	586	588	594	595	596	598	599	600	601	602	603	604	605	610	611	612	614	615	616	617	618	619	620	621	622	623	624	626	627	628	630	631	632	633	634	635	636	638	639	640	641	642	643	644	645	646	648	649	650	651	652	653	654	656	657	658	659	662	663	665	666	667	668	669	670	671	674	676	677	679	684	685	686	687	688	689	691	692	693	694	695	696	697	698	699	700	701	702	703	704	705	706	707	709	711	712	714	716	717	720	721	722	723	724	726	727	728	730	731	733	735	736	737	739	741	742	743	744	745	747	749	752	753	754	755	756	758	759	760	761	762	763	764	766	767	768	769	770	771	773	775	776	777	778	779	782	784	785	786	788	789	790	792	793	795	796	797	798	799	801	803	805	807	810	812	815	816	817	818	820	821	823	824	827	828	829	830	831	832	833	834	835	836	840	841	842	844	847	848	851	852	853	854	856	857	859	860	861	863	864	865	867	869	870	871	873	874	875	876	877	878	879	880	881	882	883	884	885	886	887	888	889	890	891	894	896	897	899	900	901	902	904	905	908	910	911	912	913	914	916	917	918	919	920	921	922	924	926	927	934	935	
56	486	
57	10	16	19	20	24	25	34	39	50	56	67	68	69	72	73	81	82	83	90	102	118	134	137	138	145	147	148	149	150	151	152	160	168	173	174	175	178	179	180	181	192	207	222	224	228	229	234	237	238	239	243	253	260	285	294	297	307	320	321	328	330	333	336	340	346	351	354	356	360	363	365	367	370	379	381	413	418	421	423	437	439	440	442	444	446	449	452	468	475	481	483	489	504	515	516	517	520	521	526	540	543	544	545	551	554	577	582	583	588	596	598	605	614	617	639	642	648	658	662	671	673	685	690	694	700	703	705	706	710	711	722	733	744	746	755	761	770	771	787	802	809	823	824	826	829	838	840	841	847	852	861	864	873	880	884	887	888	894	896	897	904	907	911	927	928	929	
58	241	270	278	286	328	629	787	791	904	907	
59	171	
