1	3	8	9	10	13	18	24	29	32	35	36	43	44	48	56	59	64	65	71	72	79	81	84	87	88	93	94	97	98	103	104	109	
2	1	2	4	5	7	8	10	11	12	13	14	15	17	18	19	20	21	24	25	26	27	28	29	30	31	32	33	34	35	36	37	38	39	41	42	44	45	46	47	49	51	52	53	56	58	59	60	61	63	64	65	66	67	68	69	70	71	73	75	76	77	78	79	80	81	82	83	86	87	88	90	91	92	93	94	96	98	100	101	102	104	105	108	109	
3	1	2	3	4	5	6	7	9	10	11	14	15	17	18	19	20	21	22	23	25	26	27	28	29	30	31	32	33	34	35	36	38	39	40	41	42	43	44	45	46	47	48	49	50	51	52	53	54	55	56	57	58	59	60	61	63	64	65	66	67	68	69	70	71	73	74	75	76	77	78	79	80	82	83	85	86	87	88	90	91	92	93	94	96	100	101	102	104	105	107	108	
4	1	2	3	4	5	7	8	11	13	14	15	16	17	18	19	20	21	23	24	25	26	27	29	30	32	33	34	35	36	38	39	40	43	44	45	46	47	49	50	51	52	55	56	59	60	61	63	64	65	66	68	69	70	71	73	74	75	76	77	78	80	82	83	84	85	87	90	91	92	93	94	96	98	100	102	103	104	105	107	
5	1	2	3	5	7	8	9	10	11	14	15	20	25	26	27	29	31	32	35	39	40	41	43	45	46	48	49	50	51	52	53	54	56	58	60	61	64	65	66	67	68	69	71	73	74	75	77	78	79	80	81	82	83	84	86	87	88	89	90	91	92	94	95	97	98	99	100	101	104	105	108	109	
6	1	2	3	4	5	6	7	8	9	10	11	12	14	15	17	18	19	20	21	22	23	24	25	26	27	28	30	31	32	33	34	35	36	38	39	40	41	42	43	44	45	46	47	48	49	50	51	52	53	54	56	57	58	59	60	61	65	66	67	68	69	70	71	73	74	75	76	77	78	79	80	81	82	83	85	86	87	88	89	90	91	92	93	94	95	96	97	99	100	101	102	103	104	105	106	107	108	109	
7	1	2	3	4	5	6	7	8	9	10	11	14	15	17	18	19	20	21	22	24	25	26	27	29	30	31	32	33	34	35	36	38	39	40	41	42	43	44	45	46	47	48	50	51	52	53	54	56	57	58	60	61	64	65	66	67	68	69	70	71	73	74	75	76	77	78	79	80	81	82	83	84	85	86	87	88	90	91	92	93	94	96	97	98	99	100	101	103	104	105	107	108	109	
8	1	2	3	4	5	6	7	9	10	11	12	14	15	17	18	19	20	21	22	23	25	26	27	28	29	30	31	32	33	34	35	37	38	39	40	41	42	43	44	45	46	47	48	49	50	51	52	53	54	55	57	58	59	60	61	64	65	66	67	68	69	70	73	74	75	76	77	78	79	80	81	82	83	85	86	87	88	89	90	91	92	93	94	95	96	97	99	100	101	102	103	104	105	106	107	108	109	
9	1	2	3	5	7	8	9	10	11	13	14	15	17	18	19	20	21	22	25	26	27	28	29	30	31	32	33	34	35	36	39	40	41	42	43	45	46	47	48	49	50	51	52	53	54	56	57	58	59	60	61	63	64	65	66	67	68	69	70	71	73	74	75	76	77	78	79	80	81	82	83	84	86	87	88	89	90	91	92	94	95	97	98	99	100	101	103	104	105	108	109	
10	1	2	3	4	5	7	8	9	10	11	14	15	17	19	20	25	26	27	29	30	31	34	35	36	39	41	43	45	46	47	48	49	50	51	52	53	54	56	58	60	61	64	65	66	67	68	69	71	73	74	75	77	78	79	80	81	82	83	84	86	87	88	90	91	92	94	95	97	98	100	101	104	105	108	109	
11	1	2	3	4	5	7	8	9	10	11	13	14	15	17	18	19	20	21	22	23	24	25	26	28	29	30	31	32	33	34	35	36	38	39	40	41	42	43	44	45	46	47	48	49	50	51	52	53	54	55	56	58	59	60	61	63	64	65	66	67	68	69	70	71	73	74	75	76	77	78	79	80	82	83	85	86	87	88	90	91	93	94	96	98	100	101	102	103	104	105	107	108	
12	1	3	4	5	7	8	9	10	11	12	13	14	15	17	18	19	20	21	22	23	25	26	27	28	29	30	31	32	33	34	35	36	37	38	39	40	41	42	43	44	45	46	48	49	50	51	52	53	54	55	57	58	60	61	64	65	66	67	68	69	70	71	73	74	75	76	77	78	79	80	81	82	83	87	88	90	91	93	94	95	96	97	98	99	100	101	102	104	105	106	107	108	109	
13	1	2	3	4	5	7	8	10	11	13	14	15	17	18	19	24	25	26	27	28	29	30	31	32	33	34	35	36	39	43	44	45	46	49	51	52	55	56	59	60	61	64	65	66	67	69	70	71	73	75	76	77	78	79	80	82	83	85	87	89	93	94	96	98	100	103	104	105	107	108	109	
14	1	2	3	5	7	8	9	10	11	14	15	17	20	25	26	27	29	31	34	35	36	39	41	43	45	46	47	48	49	50	51	52	53	54	56	58	60	61	64	65	66	67	68	69	71	73	74	75	77	78	79	80	81	82	83	84	86	87	88	90	91	92	94	95	97	98	100	101	104	105	108	109	
15	1	2	3	4	5	6	7	8	9	10	11	13	14	15	17	18	19	21	22	23	24	25	26	27	28	30	31	32	33	34	36	38	39	40	42	43	44	45	46	47	48	49	51	52	54	55	56	57	58	60	61	64	65	66	67	68	69	70	71	73	74	75	76	77	78	79	80	82	83	84	85	87	88	90	91	93	94	96	98	99	100	101	103	104	105	107	108	109	
16	1	2	3	4	5	6	7	8	9	10	11	12	14	15	17	18	19	20	21	22	24	25	26	27	28	30	31	32	33	34	35	36	38	39	40	41	42	43	44	45	46	47	48	49	51	52	53	54	56	57	58	60	61	64	65	66	67	68	69	70	71	73	74	75	76	77	78	79	80	81	82	83	85	86	87	88	90	91	93	94	95	96	97	98	99	100	101	102	104	105	107	108	109	
17	1	2	3	5	7	8	9	10	11	14	15	17	20	25	26	27	29	31	32	35	36	39	41	43	45	46	47	48	49	50	51	52	53	54	56	58	59	60	61	64	65	66	67	68	69	71	73	74	75	77	78	79	80	81	82	83	84	86	87	88	89	90	91	92	94	95	97	98	100	101	104	105	108	109	
18	1	2	3	4	5	7	8	9	10	11	13	14	15	17	18	19	20	21	25	26	27	29	31	32	35	36	39	40	41	43	44	45	46	47	48	49	50	51	52	53	54	56	57	58	59	60	61	64	65	66	67	68	69	70	71	73	74	75	77	78	79	80	81	82	83	84	85	86	87	88	89	90	91	92	94	95	96	97	98	99	100	101	103	104	105	107	108	109	
19	1	2	3	4	5	7	8	10	11	13	14	15	17	18	19	20	21	25	26	27	28	29	30	32	33	34	35	36	38	39	43	44	45	46	47	49	50	51	52	55	56	58	59	60	61	63	64	65	66	67	68	69	70	71	73	74	75	76	78	79	80	81	82	83	84	85	87	88	90	91	96	98	102	104	105	108	109	
20	1	2	3	5	7	8	9	10	11	14	15	17	18	19	20	25	26	27	29	31	32	34	35	36	39	40	41	43	45	46	47	48	49	50	51	52	53	54	56	58	59	60	61	64	65	66	67	68	69	71	73	74	75	77	78	79	80	81	82	83	84	86	87	88	89	90	91	92	94	95	97	98	100	101	104	105	107	108	109	
21	1	2	3	4	5	7	8	10	11	13	14	15	17	18	19	24	25	26	27	28	29	30	31	32	33	34	35	36	39	43	44	45	46	49	51	52	55	56	59	60	61	64	65	66	67	69	70	71	73	75	76	77	78	79	80	82	83	85	87	89	93	94	96	98	100	103	104	105	107	108	109	
22	1	2	3	4	5	7	8	10	11	13	14	15	17	18	19	20	21	25	26	27	28	29	30	32	33	34	35	36	38	39	43	44	45	46	47	49	50	51	52	55	56	58	59	60	61	63	64	65	66	67	68	69	70	71	73	74	75	76	78	79	80	81	82	83	84	85	87	88	90	91	96	98	102	104	105	108	109	
23	1	2	3	4	5	7	8	9	10	11	14	15	17	18	20	21	25	26	27	29	31	32	34	35	36	39	40	41	43	44	45	46	47	48	49	50	51	52	53	54	56	58	59	60	61	64	65	66	67	68	69	70	71	73	74	75	77	78	79	80	81	82	83	84	85	86	87	88	89	90	91	92	94	95	96	97	98	99	100	101	103	104	105	107	108	109	
24	1	2	3	4	5	7	8	9	10	11	13	14	15	17	18	19	20	21	22	23	24	25	26	28	29	30	31	32	33	34	35	36	38	39	40	41	42	43	44	45	46	47	48	49	50	51	52	53	54	55	56	58	59	60	61	63	64	65	66	67	68	69	70	71	73	74	75	76	77	78	79	80	82	83	85	86	87	88	90	91	93	94	96	98	100	101	102	104	105	107	108	109	
25	1	2	3	4	5	6	7	8	9	10	11	12	14	15	17	18	19	20	21	22	23	24	25	26	27	28	30	31	32	33	34	36	38	39	40	41	42	43	44	45	46	47	48	49	50	51	52	53	54	56	57	58	59	60	61	65	66	67	68	69	70	71	73	74	75	76	77	78	79	80	81	82	83	85	86	87	88	89	90	91	93	94	96	97	99	100	101	102	103	104	105	108	109	
26	1	2	3	4	5	7	8	9	10	11	14	15	17	19	20	25	26	27	29	30	31	34	35	36	39	41	43	45	46	47	48	49	50	51	52	53	54	56	58	60	61	64	65	66	67	68	69	71	73	74	75	77	78	79	80	81	82	83	84	86	87	88	90	91	92	94	95	97	98	100	101	104	105	108	109	
27	1	2	3	4	5	7	8	10	11	13	14	15	17	18	19	20	21	25	26	27	28	29	30	32	33	34	35	36	38	39	43	44	45	46	47	49	50	51	52	55	56	58	59	60	61	63	64	65	66	67	68	69	70	71	73	74	75	76	78	79	80	81	82	83	84	85	87	88	90	91	96	98	102	104	105	108	109	
28	1	2	3	4	5	6	7	9	10	11	14	15	17	18	19	20	21	22	23	25	26	27	28	29	30	31	32	33	34	35	36	38	39	40	41	42	43	44	45	46	47	48	49	50	51	52	53	54	55	56	57	58	59	60	61	63	64	65	66	67	68	69	70	71	73	74	75	76	77	78	79	80	82	83	85	86	87	88	90	91	92	93	94	96	100	101	102	104	105	107	108	
29	1	2	3	4	5	7	8	9	10	11	14	15	17	18	19	20	21	22	25	26	27	28	30	31	32	33	36	39	40	41	42	43	44	45	46	47	48	49	50	51	52	53	54	56	57	58	60	61	65	66	67	68	69	70	71	73	74	75	76	77	78	79	80	81	82	83	85	86	87	88	89	90	91	92	94	95	96	97	99	100	101	104	105	108	109	
30	1	3	4	5	7	8	9	10	12	13	14	15	17	18	19	20	25	26	28	29	32	33	35	36	39	40	41	43	44	45	46	48	49	51	52	53	55	56	57	58	59	60	61	63	64	65	66	69	70	71	73	75	76	77	78	79	80	81	82	83	87	88	89	90	91	93	94	96	97	98	99	100	101	102	103	104	105	107	108	109	
31	1	2	3	5	7	8	9	10	11	14	15	20	25	26	27	29	31	32	35	39	40	41	43	45	46	48	49	50	51	52	53	54	56	58	60	61	64	65	66	67	68	69	71	73	74	75	77	78	79	80	81	82	83	84	86	87	88	89	90	91	92	94	95	97	98	99	100	101	104	105	108	109	
32	1	2	3	4	5	6	7	8	9	10	11	13	14	15	17	18	19	20	21	22	24	25	26	27	28	29	30	31	32	33	34	36	38	39	40	41	42	43	44	45	46	47	48	49	50	51	52	53	54	55	56	57	58	60	61	65	66	67	68	69	70	71	73	74	75	76	77	78	79	80	81	82	83	84	85	86	87	88	90	91	92	93	94	96	97	98	99	100	101	102	104	105	107	108	109	
33	1	2	3	4	5	7	8	9	10	11	13	14	15	17	18	19	20	21	22	23	24	25	26	27	28	29	30	31	32	33	34	35	38	39	40	41	42	43	44	45	46	47	48	49	50	51	52	53	54	55	56	58	59	60	61	64	65	66	67	68	69	70	71	73	74	75	76	77	78	79	80	81	82	83	85	86	87	88	89	90	91	93	94	96	97	98	100	101	103	104	105	107	108	109	
34	2	3	4	5	6	7	8	9	10	11	14	15	17	18	19	21	24	25	26	27	28	29	30	31	32	35	36	39	41	43	44	45	46	48	49	50	51	52	53	54	56	58	59	60	61	63	64	66	67	69	70	71	72	73	74	75	76	77	78	79	80	81	82	83	85	86	87	88	89	90	91	96	97	98	100	103	104	105	108	109	
35	2	3	4	5	7	8	9	10	11	13	14	15	17	18	24	25	26	27	29	31	32	35	36	38	39	43	44	45	46	51	52	56	58	59	60	61	64	66	67	69	70	71	72	73	75	77	78	79	81	82	83	84	85	96	97	98	100	105	108	109	
