1	1	2	4	5	6	7	11	12	14	15	16	17	19	20	21	22	23	25	26	27	28	30	31	33	34	37	38	39	40	41	42	45	46	47	49	50	51	52	53	54	55	57	58	60	61	62	63	66	67	68	69	70	73	74	75	76	77	78	80	82	83	85	86	89	90	91	92	95	96	99	100	101	102	105	106	107	108	
2	3	6	9	16	22	23	40	43	48	50	54	55	57	62	72	74	84	85	89	95	97	99	103	106	107	
3	8	12	13	16	24	37	62	72	81	84	89	95	97	98	99	103	106	109	
4	6	9	10	12	22	28	31	37	41	42	48	53	54	57	58	62	67	72	79	81	86	88	89	95	97	99	101	106	108	109	
5	4	6	12	13	16	17	18	19	21	22	23	24	28	30	33	34	36	37	38	42	44	47	55	57	59	62	63	70	72	76	85	93	96	102	103	106	107	
6	13	16	29	37	55	62	63	64	72	84	98	
7	12	13	16	23	28	37	49	55	59	62	63	72	89	95	102	106	
8	8	13	16	24	36	56	62	63	71	72	84	98	
9	4	6	12	16	23	24	37	38	44	55	62	72	85	93	96	102	106	107	
10	6	12	13	16	18	21	22	23	24	28	32	33	37	38	40	42	44	55	57	59	62	63	70	72	76	85	89	93	96	99	102	103	106	107	
11	6	12	16	27	37	57	62	72	81	84	89	92	95	97	99	106	109	
12	2	6	16	24	47	56	59	62	63	72	84	85	86	89	92	103	
13	6	9	12	16	20	21	22	23	37	38	40	41	42	47	48	50	53	54	57	58	62	63	68	72	74	81	84	86	88	90	91	92	95	97	99	101	102	106	
14	4	6	12	13	16	18	19	21	22	23	24	28	30	32	33	37	38	40	42	44	55	57	59	62	63	70	72	76	85	89	93	96	99	102	103	106	107	
15	12	16	20	29	35	37	41	50	53	59	62	63	72	81	86	89	92	95	97	102	106	
16	13	16	23	29	37	50	55	59	62	63	72	84	89	92	103	106	
17	4	6	12	13	16	18	19	21	22	23	24	28	30	33	34	37	38	40	42	44	55	57	62	63	70	72	76	85	93	96	99	102	103	106	107	
18	6	12	16	22	23	24	28	30	33	34	37	38	42	55	62	63	72	76	93	102	106	
19	6	9	12	16	22	23	24	31	37	40	41	42	48	53	54	57	62	72	77	86	89	92	93	94	95	97	99	100	101	103	106	107	
20	4	6	12	13	16	21	22	23	24	28	30	33	37	38	42	44	55	57	62	63	70	72	76	85	93	96	99	102	103	106	
21	6	9	12	16	20	21	22	23	37	38	40	41	42	47	48	50	53	54	57	58	62	63	68	72	74	81	84	86	88	90	91	92	95	97	99	101	102	106	
22	6	9	12	16	22	23	24	31	37	40	41	42	48	53	54	57	62	72	77	86	89	92	93	94	95	97	99	100	101	103	106	107	
23	6	12	13	16	19	22	23	24	28	30	33	37	38	42	55	57	62	63	72	76	93	102	106	
24	6	12	16	27	37	57	62	72	81	84	89	92	95	97	99	103	106	
25	13	16	29	35	37	55	62	63	64	72	84	92	95	98	106	107	
26	6	12	13	16	18	21	22	23	24	28	32	33	37	38	40	42	44	55	57	59	62	63	70	72	76	85	89	93	96	99	102	103	106	107	
27	6	9	12	16	22	23	24	31	37	40	41	42	48	53	54	57	62	72	77	86	89	92	93	94	95	97	99	100	101	103	106	107	
28	8	12	13	16	24	37	62	72	81	84	89	95	97	98	99	103	106	109	
29	6	12	13	16	23	24	29	34	35	37	38	55	59	62	63	64	72	84	93	98	102	103	106	107	
30	2	6	11	16	21	22	23	24	27	30	31	34	37	38	42	47	50	54	62	67	68	72	74	84	85	86	92	95	106	
31	4	6	12	13	16	17	18	19	21	22	23	24	28	30	33	34	36	37	38	42	44	47	55	57	59	62	63	70	72	76	85	93	96	102	103	106	107	
32	12	16	23	35	37	59	62	63	64	72	89	95	103	106	
33	6	12	16	36	37	57	62	63	72	84	92	95	99	102	106	
34	1	12	13	16	20	22	23	33	34	37	38	40	42	47	55	57	62	65	68	84	92	93	94	95	99	101	102	106	107	
35	1	6	12	16	19	20	21	22	23	28	30	33	34	37	40	41	42	47	48	49	50	53	54	55	57	62	63	65	68	74	76	80	86	87	88	89	90	91	92	93	94	95	99	101	102	103	104	106	107	
