1	1	34	35	
2	1	12	30	
3	2	
4	1	5	9	14	17	20	31	
5	1	
6	1	2	4	5	9	10	11	12	13	14	17	18	19	20	21	22	23	24	26	27	29	30	31	33	35	
7	1	
8	3	8	28	
9	2	4	13	19	21	22	27	
10	4	
11	1	30	
12	1	3	4	5	7	9	10	11	13	14	15	17	18	19	20	21	22	23	24	26	27	28	29	31	32	33	34	35	
13	3	5	6	7	8	10	14	16	17	20	23	25	26	28	29	31	34	
14	1	
15	1	
16	1	2	3	5	6	7	8	9	10	11	12	13	14	15	16	17	18	19	20	21	22	23	24	25	26	27	28	29	30	31	32	33	34	35	
17	1	5	31	
18	5	10	14	17	26	31	
19	1	5	14	17	23	31	35	
20	1	13	15	21	34	35	
21	1	5	10	13	14	17	20	21	26	30	31	35	
22	1	2	4	5	10	13	14	17	18	19	20	21	22	23	26	27	30	31	34	35	
23	1	2	5	7	9	10	13	14	16	17	18	19	20	21	22	23	26	27	29	30	31	32	34	35	
24	3	5	8	9	10	12	14	17	18	19	20	22	23	26	27	28	29	30	31	
25	1	
26	1	
27	1	11	24	30	
28	1	4	5	7	10	14	17	18	20	23	26	31	35	
29	6	15	16	25	29	
30	1	5	14	17	18	20	23	30	31	35	
31	1	4	19	22	27	30	
32	10	14	26	
33	1	5	10	14	17	18	20	23	26	31	34	35	
34	1	5	17	18	29	30	31	34	35	
35	15	25	29	32	
36	5	8	31	33	
37	1	3	4	5	6	7	9	10	11	13	14	15	16	17	18	19	20	21	22	23	24	25	26	27	28	29	30	31	32	33	34	35	
38	1	5	9	10	13	14	17	18	20	21	23	26	29	30	31	34	
39	1	
40	1	2	10	13	14	17	19	21	22	26	27	34	35	
41	1	4	13	15	19	21	22	27	35	
42	1	4	5	10	13	14	17	18	19	20	21	22	23	26	27	30	31	34	35	
43	2	
44	5	9	10	14	17	20	26	31	
45	1	
46	1	
47	1	5	12	13	21	30	31	34	35	
48	2	4	13	19	21	22	27	35	
49	1	7	35	
50	1	2	13	15	16	21	30	35	
51	1	
52	1	
53	1	4	13	15	19	21	22	27	35	
54	1	2	4	13	19	21	22	27	30	35	
55	1	2	5	6	7	9	10	14	16	17	18	20	23	25	26	29	31	34	35	
56	8	12	
57	1	2	4	5	10	11	13	14	17	19	20	21	22	23	24	26	27	31	33	34	35	
58	1	4	13	21	
59	5	7	10	12	14	15	16	26	29	31	32	
60	1	
61	1	
62	1	2	3	4	5	6	7	8	9	10	11	12	13	14	15	16	17	18	19	20	21	22	23	24	25	26	27	28	29	30	31	32	33	34	35	
63	1	5	6	7	8	10	12	13	14	15	16	17	18	20	21	23	25	26	29	31	32	33	35	
64	6	25	29	32	
65	34	35	
66	1	
67	1	4	30	
68	1	13	21	30	34	35	
69	1	
70	1	5	10	14	17	20	26	31	
71	8	
72	2	3	4	5	6	7	8	9	10	11	12	13	14	15	16	17	18	19	20	21	22	23	24	25	26	27	28	29	30	31	32	33	
73	1	
74	1	2	13	21	30	35	
75	1	
76	1	5	10	14	17	18	20	23	26	31	35	
77	1	19	22	27	
78	1	
79	4	
80	1	35	
81	3	4	11	13	15	21	24	28	
82	1	
83	1	
84	2	3	6	8	11	12	13	16	21	24	25	28	29	30	33	34	
85	1	2	5	9	10	12	14	17	20	26	30	31	
86	1	4	12	13	15	19	21	22	27	30	35	
87	35	
88	4	13	21	35	
89	1	2	3	4	7	10	11	12	14	15	16	19	22	24	26	27	28	32	35	
90	1	13	21	35	
91	1	13	21	35	
92	1	11	12	13	15	16	19	21	22	24	25	27	30	33	34	35	
93	5	9	10	14	17	18	19	20	22	23	26	27	29	31	34	35	
94	19	22	27	34	35	
95	1	2	3	4	7	11	13	15	19	21	22	24	25	27	28	30	32	33	34	35	
96	1	5	9	10	14	17	20	26	31	
97	2	3	4	11	13	15	19	21	22	24	27	28	
98	3	6	8	25	28	29	
99	1	2	3	4	10	11	13	14	17	19	20	21	22	24	26	27	28	33	34	35	
100	1	19	22	27	
101	1	4	13	19	21	22	27	34	35	
102	1	5	7	9	10	13	14	15	17	18	20	21	23	26	29	31	33	34	35	
103	2	3	5	10	12	14	16	17	19	20	22	24	26	27	28	29	31	32	35	
104	35	
105	1	
106	1	2	3	4	5	7	9	10	11	13	14	15	16	17	18	19	20	21	22	23	24	25	26	27	28	29	30	31	32	33	34	35	
107	1	2	5	9	10	14	17	19	22	25	26	27	29	31	34	35	
108	1	4	
109	3	4	11	28	
