1	
2	883	
3	
4	412	609	646	772	791	
5	
6	409	
7	883	
8	884	
9	406	
10	400	
11	884	
12	883	
13	408	
14	408	
15	408	
16	410	
17	408	
18	400	
19	883	
20	883	
21	406	
22	408	
23	400	
24	400	
25	407	
26	883	
27	883	
28	2	4	9	23	27	28	29	34	37	39	41	50	72	75	102	113	119	124	126	158	163	190	201	206	226	229	248	251	256	263	265	266	276	278	286	288	294	295	303	312	318	337	343	344	345	353	362	364	370	379	380	381	404	407	408	412	458	480	493	497	505	510	516	545	565	582	590	604	608	609	610	616	618	621	634	635	636	640	657	661	663	668	674	675	680	681	684	685	693	694	696	701	703	708	710	719	722	727	729	730	731	736	744	746	747	754	761	764	765	766	771	772	773	779	780	784	786	789	794	806	808	835	838	848	853	857	872	877	878	882	884	885	
29	402	
30	13	22	37	38	50	52	59	62	65	91	108	112	113	114	117	121	131	146	157	160	169	174	179	183	186	208	211	212	213	217	222	237	241	246	247	249	252	253	258	259	265	266	276	316	319	324	331	334	335	356	370	371	376	385	387	399	400	401	404	407	412	413	414	415	417	419	420	422	427	433	438	439	445	468	470	472	475	478	479	480	492	495	496	498	504	511	512	515	531	532	533	537	542	543	552	556	564	584	595	596	599	610	616	619	620	624	632	636	642	646	656	657	659	660	661	663	668	670	671	678	680	681	685	690	694	702	707	725	734	736	737	740	741	751	760	763	767	772	776	780	782	789	792	793	796	797	799	810	811	816	823	827	853	861	865	866	871	873	875	878	881	882	884	
31	883	
32	409	
33	6	11	15	17	18	19	24	32	33	35	36	37	39	44	45	53	56	58	61	69	76	79	84	90	92	93	96	103	104	105	107	108	112	113	116	118	120	126	131	135	143	147	148	161	162	163	171	174	178	181	184	186	189	193	199	201	203	204	208	212	213	215	216	232	233	234	236	237	240	241	244	245	249	255	258	262	263	264	265	266	268	269	272	276	281	284	286	289	290	293	294	295	298	299	300	301	307	308	309	314	316	318	320	321	326	331	333	334	335	336	338	344	346	347	349	357	358	365	369	370	375	376	387	391	396	397	404	407	411	418	420	422	423	431	436	437	438	441	445	452	454	456	457	460	463	464	465	466	467	472	475	476	477	478	480	484	486	492	494	499	503	512	515	518	521	522	525	533	538	539	546	547	548	554	558	570	572	575	580	582	586	587	589	591	592	595	597	598	600	608	610	615	616	619	620	621	622	627	629	630	634	637	643	644	647	653	654	660	663	668	669	670	671	672	674	676	680	688	690	691	692	694	695	696	702	703	704	707	716	718	722	723	726	733	735	737	738	740	741	743	745	748	751	753	755	759	760	762	764	765	766	768	774	780	782	783	785	788	789	796	797	799	801	810	811	816	819	820	821	823	824	834	840	851	853	862	866	871	875	877	878	879	880	881	884	
34	406	
35	406	
36	400	
37	
38	883	
39	406	
40	402	
41	400	
42	400	
43	884	
44	409	
45	408	
46	4	5	6	7	24	37	39	45	46	50	53	54	58	76	79	83	88	93	97	107	110	111	143	147	149	177	181	186	193	210	212	213	232	237	244	246	249	257	262	265	266	268	269	281	285	286	289	293	294	310	315	316	320	321	324	326	331	335	336	338	342	344	347	358	365	387	391	393	394	396	397	400	404	407	418	420	431	437	441	448	456	457	463	465	477	478	480	483	492	494	521	522	523	525	539	549	554	575	587	589	594	595	598	610	616	620	621	623	634	638	660	663	668	670	671	680	682	688	690	696	699	703	704	707	716	728	729	740	741	744	751	753	755	759	760	763	764	773	775	780	782	783	790	797	811	819	820	821	822	823	851	853	860	867	875	881	884	
47	5	12	20	21	25	45	54	63	101	132	134	199	204	209	228	234	246	249	258	265	266	269	279	327	328	329	330	343	344	345	346	365	370	372	373	378	380	383	384	386	387	395	404	407	410	411	428	429	435	438	440	441	446	447	448	471	472	478	480	500	501	502	506	507	512	513	517	520	521	524	532	547	557	558	560	561	566	583	594	601	604	605	606	611	619	622	625	632	634	637	638	640	653	683	686	689	691	701	705	707	710	711	713	752	754	755	768	788	793	801	802	808	809	810	814	818	819	828	831	832	834	835	839	855	859	860	863	868	869	871	872	877	
48	
49	409	
50	2	3	4	5	6	7	10	23	24	26	27	28	37	43	62	64	65	75	100	104	107	115	116	117	126	131	133	138	144	145	157	158	161	165	175	182	186	190	202	205	214	224	225	229	233	237	238	256	263	264	265	266	267	272	296	297	298	299	302	304	310	313	315	316	331	332	334	337	339	340	341	353	355	357	359	364	367	370	385	390	400	406	407	413	414	415	421	442	445	449	451	454	456	459	460	468	470	474	475	476	478	480	482	487	488	504	510	511	522	531	552	563	577	584	590	593	595	596	616	621	622	623	629	630	632	636	638	651	652	656	660	667	668	674	675	678	680	681	682	685	686	689	690	692	693	697	700	703	709	712	714	724	729	740	745	747	757	762	763	767	770	771	772	781	782	783	794	795	800	809	811	817	819	820	821	822	823	826	828	836	840	843	853	862	868	875	877	881	882	884	885	
51	355	
52	883	
53	409	
54	407	
55	
56	10	11	13	14	15	16	18	19	20	23	24	25	27	29	30	31	32	33	34	37	38	39	41	42	44	46	47	48	49	50	52	53	55	56	57	58	59	61	62	64	65	66	68	69	73	74	75	76	79	80	83	84	86	88	90	91	92	94	95	96	98	102	103	104	105	108	109	110	111	112	113	114	115	116	117	119	120	122	123	124	126	129	131	133	134	135	136	137	138	139	141	142	143	144	145	146	147	148	149	151	152	153	154	155	156	157	158	160	161	164	169	170	172	173	174	175	176	179	180	181	183	184	186	187	188	189	190	191	193	196	197	199	201	202	203	204	205	206	207	208	211	212	214	215	217	220	222	223	224	225	226	230	231	232	233	234	235	236	237	240	241	244	246	247	248	249	250	251	252	253	254	255	256	257	259	262	264	265	266	268	269	270	271	272	273	274	275	277	278	279	280	281	282	284	285	286	287	288	289	290	292	293	294	296	299	300	301	302	304	305	306	307	308	310	311	312	314	315	316	317	318	319	320	322	324	325	326	327	328	330	331	332	333	334	335	336	337	338	339	340	341	342	344	346	351	356	358	359	361	362	363	365	369	370	371	373	374	375	376	377	378	379	380	381	382	384	385	387	388	390	391	392	393	394	396	399	403	404	405	407	409	411	413	414	415	416	417	418	419	420	421	422	425	426	429	430	431	433	435	436	437	438	440	441	442	443	444	445	447	448	449	451	452	453	454	456	457	458	459	460	461	462	463	464	465	466	469	471	472	474	475	477	478	479	480	482	483	484	485	487	488	492	493	494	495	496	497	498	500	502	503	504	507	508	509	511	512	515	516	517	518	521	522	523	524	525	526	531	534	536	538	539	542	543	544	545	546	547	548	549	551	552	556	557	559	560	561	563	564	565	567	569	570	572	573	575	576	579	580	581	584	586	587	588	589	591	592	593	595	597	599	601	602	605	606	607	608	610	612	614	615	616	617	618	620	623	626	627	629	630	632	634	635	638	639	644	645	646	647	648	650	651	652	653	658	663	664	666	667	668	670	671	672	673	675	676	677	678	679	680	681	685	688	689	690	691	693	694	695	696	697	699	700	702	703	704	707	708	709	711	712	714	715	717	718	719	720	721	723	724	725	726	727	728	731	733	734	735	736	737	738	739	740	741	742	743	746	747	748	749	751	752	753	754	755	757	759	760	761	763	764	767	768	769	770	773	774	775	776	779	780	781	782	783	784	787	788	789	790	791	793	794	796	797	798	799	800	802	804	806	807	810	811	812	813	814	817	819	820	823	824	825	826	827	829	831	833	835	836	837	838	839	840	848	850	851	852	853	855	856	857	859	860	861	862	863	865	866	867	868	869	870	872	873	875	876	877	878	880	881	884	885	
57	409	
58	400	
59	
60	400	
61	402	
62	406	
63	
64	2	15	24	48	65	70	75	99	127	135	153	159	205	215	222	233	242	249	265	316	366	391	397	407	424	437	461	477	481	527	528	550	555	562	575	585	612	616	619	622	636	642	656	665	670	671	729	740	748	751	780	782	820	831	846	
65	407	
66	400	
67	883	
68	24	32	93	113	121	131	152	159	166	175	190	221	252	255	265	281	303	317	343	370	387	407	420	448	481	504	534	562	626	636	660	670	720	729	749	754	780	782	820	849	
69	884	
70	884	
71	884	
72	2	8	24	39	40	42	55	65	67	70	73	75	79	90	91	97	101	104	117	131	135	146	164	167	172	175	185	192	193	204	213	221	223	228	234	237	241	249	253	261	265	266	274	280	292	294	316	323	326	336	369	370	378	387	389	397	398	404	410	411	413	429	436	438	444	466	472	473	477	478	480	481	503	523	541	553	567	571	576	611	612	613	619	628	633	641	658	659	670	671	683	686	696	698	703	708	717	722	733	740	748	750	755	759	760	762	774	778	780	782	797	803	807	810	820	826	830	836	842	844	854	858	863	866	877	878	
73	3	22	32	39	42	45	49	51	66	91	103	104	118	129	135	164	175	212	213	217	222	234	237	241	251	253	262	265	267	276	281	293	299	316	326	331	335	336	355	370	377	382	387	391	394	406	410	411	440	448	457	463	465	467	477	478	480	483	494	499	522	539	560	566	573	589	595	610	655	656	663	668	670	671	680	696	703	708	712	715	717	729	733	740	748	751	758	759	760	778	780	782	789	792	795	796	811	818	845	851	877	878	
74	2	15	24	48	65	70	75	99	127	135	153	159	205	215	222	233	242	249	265	316	366	391	397	407	424	437	461	477	481	527	528	550	555	562	575	585	612	616	619	622	636	642	656	665	670	671	729	740	748	751	780	782	820	831	846	
75	2	8	24	39	40	42	55	65	67	70	73	75	79	90	91	97	101	104	117	131	135	146	164	167	172	175	185	192	193	204	213	221	223	228	234	237	241	249	253	261	265	266	274	280	292	294	316	323	326	336	369	370	378	387	389	397	398	404	410	411	413	429	436	438	444	466	472	473	477	478	480	481	503	523	541	553	567	571	576	611	612	613	619	628	633	641	658	659	670	671	683	686	696	698	703	708	717	722	733	740	748	750	755	759	760	762	774	778	780	782	797	803	807	810	820	826	830	836	842	844	854	858	863	866	877	878	
76	
77	2	15	16	32	34	39	42	45	46	47	48	49	50	53	56	57	58	60	61	63	65	66	71	73	74	76	77	78	79	81	82	85	89	90	91	95	104	105	108	111	116	117	118	123	128	129	130	131	135	137	139	141	145	150	151	155	156	165	168	175	178	181	186	191	194	195	196	198	200	203	204	208	209	212	213	219	220	222	227	228	232	233	234	237	239	243	244	245	249	251	256	260	262	265	266	269	272	273	276	277	279	281	283	289	290	291	293	294	300	304	305	311	316	317	320	326	329	331	332	333	335	338	343	344	347	350	352	354	357	360	361	368	370	372	378	381	382	387	389	391	396	397	398	404	407	409	411	413	418	420	422	428	430	431	432	434	436	437	438	439	443	444	445	448	450	455	456	457	461	462	467	477	478	480	482	489	490	492	497	498	499	501	503	504	506	509	512	513	514	515	519	520	521	523	525	528	529	530	531	535	540	544	551	557	568	569	574	575	581	587	594	602	606	610	611	612	614	616	617	624	630	634	636	639	641	646	647	649	650	653	660	663	666	668	669	670	671	674	680	685	687	696	698	702	703	708	714	715	716	718	725	726	729	732	733	736	739	740	741	746	747	748	751	752	753	754	755	756	758	759	760	762	764	767	768	774	777	780	782	784	789	793	794	796	804	805	807	810	820	824	825	826	831	835	839	847	849	850	852	856	860	863	864	866	872	874	875	876	877	878	879	
78	406	
79	
80	409	
81	2	8	14	16	20	24	39	40	42	47	55	59	65	67	70	72	73	75	79	90	91	94	95	97	101	104	105	117	123	129	131	134	135	145	146	164	167	172	175	185	192	193	196	204	208	213	217	221	223	228	230	234	237	241	249	253	261	265	266	273	274	280	282	292	294	316	323	326	336	344	369	370	375	378	387	389	397	398	403	404	405	409	410	411	413	415	416	418	422	425	429	430	436	437	438	442	444	445	466	469	472	473	477	478	480	481	503	505	507	509	515	517	521	523	526	541	544	548	551	553	559	567	571	576	587	599	602	606	607	611	612	613	617	619	628	633	641	645	648	653	658	659	660	664	670	671	673	680	683	686	696	698	703	708	712	717	722	725	733	736	738	740	742	748	750	754	755	759	760	762	763	774	778	780	782	787	790	797	803	804	807	810	819	820	824	826	829	830	831	836	837	840	842	844	850	852	854	855	858	863	866	870	873	877	878	
82	2	8	24	39	40	42	55	65	67	70	73	75	79	90	91	97	101	104	117	131	135	146	164	167	172	175	185	192	193	204	213	221	223	228	234	237	241	249	253	261	265	266	274	280	292	294	316	323	326	336	369	370	378	387	389	397	398	404	410	411	413	429	436	438	444	466	472	473	477	478	480	481	503	523	541	553	567	571	576	611	612	613	619	628	633	641	658	659	670	671	683	686	696	698	703	708	717	722	733	740	748	750	755	759	760	762	774	778	780	782	797	803	807	810	820	826	830	836	842	844	854	858	863	866	877	878	
83	2	15	24	48	65	70	75	99	127	135	153	159	205	215	222	233	242	249	265	316	366	391	397	407	424	437	461	477	481	527	528	550	555	562	575	585	612	616	619	622	636	642	656	665	670	671	729	740	748	751	780	782	820	831	846	
84	9	12	15	21	27	30	32	34	39	42	45	46	47	48	49	50	51	53	57	58	59	60	61	65	66	68	71	73	74	76	77	81	82	83	85	86	87	88	89	90	91	95	96	103	104	105	106	108	111	114	117	121	123	125	128	129	130	131	132	135	136	140	141	143	145	150	151	154	155	156	166	168	169	173	174	175	176	180	181	185	186	191	194	195	196	197	198	203	204	207	208	212	213	215	218	222	227	228	232	233	234	237	241	243	244	246	249	251	253	254	255	256	260	262	265	269	271	272	273	275	276	281	285	289	291	293	294	297	298	300	305	306	310	311	314	316	317	319	322	325	326	331	333	334	335	343	344	347	348	350	351	352	354	356	360	365	368	370	382	387	388	391	392	395	396	397	401	404	407	409	410	411	413	415	418	420	422	425	427	431	433	436	437	438	443	444	445	446	448	453	455	456	457	461	462	467	477	478	480	482	485	487	489	490	491	492	498	499	503	504	508	509	512	513	515	519	521	523	525	529	540	551	557	558	568	569	575	578	579	594	599	600	603	606	607	610	611	613	614	617	622	624	627	630	631	634	636	641	646	647	649	653	654	656	660	662	663	666	668	669	670	671	674	680	684	685	686	687	688	694	696	697	702	703	706	707	708	713	715	716	717	718	719	721	722	725	729	733	737	740	741	744	746	747	748	749	750	751	753	754	755	756	758	759	760	764	768	769	773	774	777	780	782	783	786	789	792	796	797	805	810	812	815	820	824	831	835	839	841	843	849	850	856	860	863	864	872	874	875	877	878	884	
