1	
2	28	50	64	72	74	75	77	81	82	83	
3	50	73	
4	28	46	50	
5	46	47	50	
6	33	46	50	
7	46	50	
8	72	75	81	82	
9	28	84	
10	50	56	
11	33	56	
12	47	84	
13	30	56	
14	56	81	
15	33	56	64	74	77	83	84	
16	56	77	81	
17	33	
18	33	56	
19	33	56	
20	47	56	81	
21	47	84	
22	30	73	
23	28	50	56	
24	33	46	50	56	64	68	72	74	75	81	82	83	
25	47	56	
26	50	
27	28	50	56	84	
28	28	50	
29	28	56	
30	56	84	
31	56	
32	33	56	68	73	77	84	
33	33	56	
34	28	56	77	84	
35	33	
36	33	
37	28	30	33	46	50	56	
38	30	56	
39	28	33	46	56	72	73	75	77	81	82	84	
40	72	75	81	82	
41	28	56	
42	56	72	73	75	77	81	82	84	
43	50	
44	33	56	
45	33	46	47	73	77	84	
46	46	56	77	84	
47	56	77	81	84	
48	56	64	74	77	83	84	
49	56	73	77	84	
50	28	30	46	56	77	84	
51	73	84	
52	30	56	
53	33	46	56	77	84	
54	46	47	
55	56	72	75	81	82	
56	33	56	77	
57	56	77	84	
58	33	46	56	77	84	
59	30	56	81	84	
60	77	84	
61	33	56	77	84	
62	30	50	56	
63	47	77	
64	50	56	
65	30	50	56	64	72	74	75	77	81	82	83	84	
66	56	73	77	84	
67	72	75	81	82	
68	56	84	
69	33	56	
70	64	72	74	75	81	82	83	
71	77	84	
72	28	81	
73	56	72	75	77	81	82	84	
74	56	77	84	
75	28	50	56	64	72	74	75	81	82	83	
76	33	46	56	77	84	
77	77	84	
78	77	
79	33	46	56	72	75	77	81	82	
80	56	
81	77	84	
82	77	84	
83	46	56	84	
84	33	56	
85	77	84	
86	56	84	
87	84	
88	46	56	84	
89	77	84	
90	33	56	72	75	77	81	82	84	
91	30	56	72	73	75	77	81	82	84	
92	33	56	
93	33	46	68	
94	56	81	
95	56	77	81	84	
96	33	56	84	
97	46	72	75	81	82	
98	56	
99	64	74	83	
100	50	
101	47	72	75	81	82	
102	28	56	
103	33	56	73	84	
104	33	50	56	72	73	75	77	81	82	84	
105	33	56	77	81	84	
106	84	
107	33	46	50	
108	30	33	56	77	84	
109	56	
110	46	56	
111	46	56	77	84	
112	30	33	56	
113	28	30	33	56	68	
114	30	56	84	
115	50	56	
116	33	50	56	77	
117	30	50	56	72	75	77	81	82	84	
118	33	73	77	
119	28	56	
120	33	56	
121	30	68	84	
122	56	
123	56	77	81	84	
124	28	56	
125	84	
126	28	33	50	56	
127	64	74	83	
128	77	84	
129	56	73	77	81	84	
130	77	84	
131	30	33	50	56	68	72	75	77	81	82	84	
132	47	84	
133	50	56	
134	47	56	81	
135	33	56	64	72	73	74	75	77	81	82	83	84	
136	56	84	
137	56	77	
138	50	56	
139	56	77	
140	84	
141	56	77	84	
142	56	
143	33	46	56	84	
144	50	56	
145	50	56	77	81	84	
146	30	56	72	75	81	82	
147	33	46	56	
148	33	56	
149	46	56	
150	77	84	
151	56	77	84	
152	56	68	
153	56	64	74	83	
154	56	84	
155	56	77	84	
156	56	77	84	
157	30	50	56	
158	28	50	56	
159	64	68	74	83	
160	30	56	
161	33	50	56	
162	33	
163	28	33	
164	56	72	73	75	81	82	
165	50	77	
166	68	84	
167	72	75	81	82	
168	77	84	
169	30	56	84	
170	56	
171	33	
172	56	72	75	81	82	
173	56	84	
174	30	33	56	84	
175	50	56	68	72	73	75	77	81	82	84	
176	56	84	
177	46	
178	33	77	
179	30	56	
180	56	84	
181	33	46	56	77	84	
182	50	
183	30	56	
184	33	56	
185	72	75	81	82	84	
186	30	33	46	50	56	77	84	
187	56	
188	56	
189	33	56	
190	28	50	56	68	
191	56	77	84	
192	72	75	81	82	
193	33	46	56	72	75	81	82	
194	77	84	
195	77	84	
196	56	77	81	84	
197	56	84	
198	77	84	
199	33	47	56	
200	77	
201	28	33	56	
202	50	56	
203	33	56	77	84	
204	33	47	56	72	75	77	81	82	84	
205	50	56	64	74	83	
206	28	56	
207	56	84	
208	30	33	56	77	81	84	
209	47	77	
210	46	
211	30	56	
212	30	33	46	56	73	77	84	
213	30	33	46	72	73	75	77	81	82	84	
214	50	56	
215	33	56	64	74	83	84	
216	33	
217	30	56	73	81	
218	84	
219	77	
220	56	77	
221	68	72	75	81	82	
222	30	56	64	73	74	77	83	84	
223	56	72	75	81	82	
224	50	56	
225	50	56	
226	28	56	
227	77	84	
228	47	72	75	77	81	82	84	
229	28	50	
230	56	81	
231	56	
232	33	46	56	77	84	
233	33	50	56	64	74	77	83	84	
234	33	47	56	72	73	75	77	81	82	84	
235	56	
236	33	56	
237	30	33	46	50	56	72	73	75	77	81	82	84	
238	50	
239	77	
240	33	56	
241	30	33	56	72	73	75	81	82	84	
242	64	74	83	
243	77	84	
244	33	46	56	77	84	
245	33	77	
246	30	46	47	56	84	
247	30	56	
248	28	56	
249	30	33	46	47	56	64	72	74	75	77	81	82	83	84	
250	56	
251	28	56	73	77	84	
252	30	56	68	
253	30	56	72	73	75	81	82	84	
254	56	84	
255	33	56	68	84	
256	28	50	56	77	84	
257	46	56	
258	30	33	47	
259	30	56	
260	77	84	
261	72	75	81	82	
262	33	46	56	73	77	84	
263	28	33	50	
264	33	50	56	
265	28	30	33	46	47	50	56	64	68	72	73	74	75	77	81	82	83	84	
266	28	30	33	46	47	50	56	72	75	77	81	82	
267	50	73	
268	33	46	56	
269	33	46	47	56	77	84	
270	56	
271	56	84	
272	33	50	56	77	84	
273	56	77	81	84	
274	56	72	75	81	82	
275	56	84	
276	28	30	33	73	77	84	
277	56	77	
278	28	56	
279	47	56	77	
280	56	72	75	81	82	
281	33	46	56	68	73	77	84	
282	56	81	
283	77	
284	33	56	
285	46	56	84	
286	28	33	46	56	
287	56	
288	28	56	
289	33	46	56	77	84	
290	33	56	77	
291	77	84	
292	56	72	75	81	82	
293	33	46	56	73	77	84	
294	28	33	46	56	72	75	77	81	82	84	
295	28	33	
296	50	56	
297	50	84	
298	33	50	84	
299	33	50	56	73	
300	33	56	77	84	
301	33	56	
302	50	56	
303	28	68	
304	50	56	77	
305	56	77	84	
306	56	84	
307	33	56	
308	33	56	
309	33	
310	46	50	56	84	
311	56	77	84	
312	28	56	
313	50	
314	33	56	84	
315	46	50	56	
316	30	33	46	50	56	64	72	73	74	75	77	81	82	83	84	
317	56	68	77	84	
318	28	33	56	
319	30	56	84	
320	33	46	56	77	
321	33	46	
322	56	84	
323	72	75	81	82	
324	30	46	56	
325	56	84	
326	33	46	56	72	73	75	77	81	82	84	
327	47	56	
328	47	56	
329	47	77	
330	47	56	
331	30	33	46	50	56	73	77	84	
332	50	56	77	
333	33	56	77	84	
334	30	33	50	56	84	
335	30	33	46	56	73	77	84	
336	33	46	56	72	73	75	81	82	
337	28	50	56	
338	33	46	56	77	
339	50	56	
340	50	56	
341	50	56	
342	46	56	
343	28	47	68	77	84	
344	28	33	46	47	56	77	81	84	
345	28	47	
346	33	47	56	
347	33	46	77	84	
348	84	
349	33	
350	77	84	
351	56	84	
352	77	84	
353	28	50	
354	77	84	
355	50	51	73	
356	30	56	84	
357	33	50	77	
358	33	46	56	
359	50	56	
360	77	84	
361	56	77	
362	28	56	
363	56	
364	28	50	
365	33	46	47	56	84	
366	64	74	83	
367	50	
368	77	84	
369	33	56	72	75	81	82	
370	28	30	33	47	50	56	68	72	73	75	77	81	82	84	
371	30	56	
372	47	77	
373	47	56	
374	56	
375	33	56	81	
376	30	33	56	
377	56	73	
378	47	56	72	75	77	81	82	
379	28	56	
380	28	47	56	
381	28	56	77	
382	56	73	77	84	
383	47	
384	47	56	
385	30	50	56	
386	47	
387	30	33	46	47	56	68	72	73	75	77	81	82	84	
388	56	84	
389	72	75	77	81	82	
390	50	56	
391	33	46	56	64	73	74	77	83	84	
392	56	84	
393	46	56	
394	46	56	73	
395	47	84	
396	33	46	56	77	84	
397	33	46	64	72	74	75	77	81	82	83	84	
398	72	75	77	81	82	
399	30	56	
400	10	18	23	24	30	36	41	42	46	50	58	60	66	
401	30	84	
402	29	40	61	
403	56	81	
404	28	30	33	46	47	56	72	75	77	81	82	84	
405	56	81	
406	9	21	34	35	39	50	62	73	78	
407	25	28	30	33	46	47	50	54	56	64	65	68	74	77	83	84	
408	13	14	15	17	22	28	45	
409	6	32	44	49	53	56	57	77	80	81	84	
410	16	47	72	73	75	81	82	84	
411	33	47	56	72	73	75	77	81	82	84	
412	4	28	30	
413	30	50	56	72	75	77	81	82	84	
414	30	50	56	
415	30	50	56	81	84	
416	56	81	
417	30	56	
418	33	46	56	77	81	84	
419	30	56	
420	30	33	46	56	68	77	84	
421	50	56	
422	30	33	56	77	81	84	
423	33	
424	64	74	83	
425	56	81	84	
426	56	
427	30	84	
428	47	77	
429	47	56	72	75	81	82	
430	56	77	81	
431	33	46	56	77	84	
432	77	
433	30	56	84	
434	77	
435	47	56	
436	33	56	72	75	77	81	82	84	
437	33	46	56	64	74	77	81	83	84	
438	30	33	47	56	72	75	77	81	82	84	
439	30	77	
440	47	56	73	
441	33	46	47	56	
442	50	56	81	
443	56	77	84	
444	56	72	75	77	81	82	84	
445	30	33	50	56	77	81	84	
446	47	84	
447	47	56	
448	46	47	56	68	73	77	84	
449	50	56	
450	77	
451	50	56	
452	33	56	
453	56	84	
454	33	50	56	
455	77	84	
456	33	46	50	56	77	84	
457	33	46	56	73	77	84	
458	28	56	
459	50	56	
460	33	50	56	
461	56	64	74	77	83	84	
462	56	77	84	
463	33	46	56	73	
464	33	56	
465	33	46	56	73	
466	33	56	72	75	81	82	
467	33	73	77	84	
468	30	50	
469	56	81	
470	30	50	
471	47	56	
472	30	33	47	56	72	75	81	82	
473	72	75	81	82	
474	50	56	
475	30	33	50	56	
476	33	50	
477	33	46	56	64	72	73	74	75	77	81	82	83	84	
478	30	33	46	47	50	56	72	73	75	77	81	82	84	
479	30	56	
480	28	30	33	46	47	50	56	72	73	75	77	81	82	84	
481	64	68	72	74	75	81	82	83	
482	50	56	77	84	
483	46	56	73	
484	33	56	
485	56	84	
486	33	
487	50	56	84	
488	50	56	
489	77	84	
490	77	84	
491	84	
492	30	33	46	56	77	84	
493	28	56	
494	33	46	56	73	
495	30	56	
496	30	56	
497	28	56	77	
498	30	56	77	84	
499	33	73	77	84	
500	47	56	
501	47	77	
502	47	56	
503	33	56	72	75	77	81	82	84	
504	30	50	56	68	77	84	
505	28	81	
506	47	77	
507	47	56	81	
508	56	84	
509	56	77	81	84	
510	28	50	
511	30	50	56	
512	30	33	47	56	77	84	
513	47	77	84	
514	77	
515	30	33	56	77	81	84	
516	28	56	
517	47	56	81	
518	33	56	
519	77	84	
520	47	77	
521	33	46	47	56	77	81	84	
522	33	46	50	56	73	
523	46	56	72	75	77	81	82	84	
524	47	56	
525	33	46	56	77	84	
526	56	81	
527	64	74	83	
528	64	74	77	83	
529	77	84	
530	77	
531	30	50	56	77	
532	30	47	
533	30	33	
534	56	68	
535	77	
536	56	
537	30	
538	33	56	
539	33	46	56	73	
540	77	84	
541	72	75	81	82	
542	30	56	
543	30	56	
544	56	77	81	
545	28	56	
546	33	56	
547	33	47	56	
548	33	56	81	
549	46	56	
550	64	74	83	
551	56	77	81	84	
552	30	50	56	
553	72	75	81	82	
554	33	46	
555	64	74	83	
556	30	56	
557	47	56	77	84	
558	33	47	84	
559	56	81	
560	47	56	73	
561	47	56	
562	64	68	74	83	
563	50	56	
564	30	56	
565	28	56	
566	47	73	
567	56	72	75	81	82	
568	77	84	
569	56	77	84	
570	33	56	
571	72	75	81	82	
572	33	56	
573	56	73	
574	77	
575	33	46	56	64	74	77	83	84	
576	56	72	75	81	82	
577	50	
578	84	
579	56	84	
580	33	56	
581	56	77	
582	28	33	
583	47	
584	30	50	56	
585	64	74	83	
586	33	56	
587	33	46	56	77	81	
588	56	
589	33	46	56	73	
590	28	50	
591	33	56	
592	33	56	
593	50	56	
594	46	47	77	84	
595	30	33	46	50	56	73	
596	30	50	
597	33	56	
598	33	46	
599	30	56	81	84	
600	33	84	
601	47	56	
602	56	77	81	
603	84	
604	28	47	
605	47	56	
606	47	56	77	81	84	
607	56	81	84	
608	28	33	56	
609	4	28	
610	28	30	33	46	56	73	77	84	
611	47	72	75	77	81	82	84	
612	56	64	72	74	75	77	81	82	83	
613	72	75	81	82	84	
614	56	77	84	
615	33	56	
616	28	30	33	46	50	56	64	74	77	83	
617	56	77	81	84	
618	28	56	
619	30	33	47	64	72	74	75	81	82	83	
620	30	33	46	56	
621	28	33	46	50	
622	33	47	50	64	74	83	84	
623	46	50	56	
624	30	77	84	
625	47	
626	56	68	
627	33	56	84	
628	72	75	81	82	
629	33	50	56	
630	33	50	56	77	84	
631	84	
632	30	47	50	56	
633	72	75	81	82	
634	28	33	46	47	56	77	84	
635	28	56	
636	28	30	50	64	68	74	77	83	84	
637	33	47	
638	46	47	50	56	
639	56	77	
640	28	47	
641	72	75	77	81	82	84	
642	30	64	74	83	
643	33	
644	33	56	
645	56	81	
646	4	30	56	77	84	
647	33	56	77	84	
648	56	81	
649	77	84	
650	56	77	
651	50	56	
652	50	56	
653	33	47	56	77	81	84	
654	33	84	
655	73	
656	30	50	64	73	74	83	84	
657	28	30	
658	56	72	75	81	82	
659	30	72	75	81	82	
660	30	33	46	50	68	77	81	84	
661	28	30	
662	84	
663	28	30	33	46	56	73	77	84	
664	56	81	
665	64	74	83	
666	56	77	84	
667	50	56	
668	28	30	33	46	50	56	73	77	84	
669	33	77	84	
670	30	33	46	56	64	68	72	73	74	75	77	81	82	83	84	
671	30	33	46	56	64	72	73	74	75	77	81	82	83	84	
672	33	56	
673	56	81	
674	28	33	50	77	84	
675	28	50	56	
676	33	56	
677	56	
678	30	50	56	
679	56	
680	28	30	33	46	50	56	73	77	81	84	
681	28	30	50	56	
682	46	50	
683	47	72	75	81	82	
684	28	84	
685	28	30	50	56	77	84	
686	47	50	72	75	81	82	84	
687	77	84	
688	33	46	56	84	
689	47	50	56	
690	30	33	46	50	56	
691	33	47	56	
692	33	50	
693	28	50	56	
694	28	30	33	56	84	
695	33	56	
696	28	33	46	56	72	73	75	77	81	82	84	
697	50	56	84	
698	72	75	77	81	82	
699	46	56	
700	50	56	
701	28	47	
702	30	33	56	77	84	
703	28	33	46	50	56	72	73	75	77	81	82	84	
704	33	46	56	
705	47	
706	84	
707	30	33	46	47	56	84	
708	28	56	72	73	75	77	81	82	84	
709	50	56	
710	28	47	
711	47	56	
712	50	56	73	81	
713	47	84	
714	50	56	77	
715	56	73	77	84	
716	33	46	77	84	
717	56	72	73	75	81	82	84	
718	33	56	77	84	
719	28	56	84	
720	56	68	
721	56	84	
722	28	33	72	75	81	82	84	
723	33	56	
724	50	56	
725	30	56	77	81	84	
726	33	56	77	
727	28	56	
728	46	56	
729	28	46	50	64	68	73	74	77	83	84	
730	28	
731	28	56	
732	77	
733	33	56	72	73	75	77	81	82	84	
734	30	56	
735	33	56	
736	28	30	56	77	81	
737	30	33	56	84	
738	33	56	81	
739	56	77	
740	30	33	46	50	56	64	72	73	74	75	77	81	82	83	84	
741	30	33	46	56	77	84	
742	56	81	
743	33	56	
744	28	46	84	
745	33	50	
746	28	56	77	84	
747	28	50	56	77	84	
748	33	56	64	72	73	74	75	77	81	82	83	84	
749	56	68	84	
750	72	75	81	82	84	
751	30	33	46	56	64	73	74	77	83	84	
752	47	56	77	
753	33	46	56	77	84	
754	28	47	56	68	77	81	84	
755	33	46	47	56	72	75	77	81	82	84	
756	77	84	
757	50	56	
758	73	77	84	
759	33	46	56	72	73	75	77	81	82	84	
760	30	33	46	56	72	73	75	77	81	82	84	
761	28	56	
762	33	50	72	75	77	81	82	
763	30	46	50	56	81	
764	28	33	46	56	77	84	
765	28	33	
766	28	33	
767	30	50	56	77	
768	33	47	56	77	84	
769	56	84	
770	50	56	
771	28	50	
772	4	28	30	50	
773	28	46	56	84	
774	33	56	72	75	77	81	82	84	
775	46	56	
776	30	56	
777	77	84	
778	72	73	75	81	82	
779	28	56	
780	28	30	33	46	56	64	68	72	73	74	75	77	81	82	83	84	
781	50	56	
782	30	33	46	50	56	64	68	72	73	74	75	77	81	82	83	84	
783	33	46	50	56	84	
784	28	56	77	
785	33	
786	28	84	
787	56	81	
788	33	47	56	
789	28	30	33	56	73	77	84	
790	46	56	81	
791	4	56	
792	30	73	84	
793	30	47	56	77	
794	28	50	56	77	
795	50	73	
796	30	33	56	73	77	84	
797	30	33	46	56	72	75	81	82	84	
798	56	
799	30	33	56	
800	50	56	
801	33	47	
802	47	56	
803	72	75	81	82	
804	56	77	81	
805	77	84	
806	28	56	
807	56	72	75	77	81	82	
808	28	47	
809	47	50	
810	30	33	47	56	72	75	77	81	82	84	
811	30	33	46	50	56	73	
812	56	84	
813	56	
814	47	56	
815	84	
816	30	33	
817	50	56	
818	47	73	
819	33	46	47	50	56	81	
820	33	46	50	56	64	68	72	74	75	77	81	82	83	84	
821	33	46	50	
822	46	50	
823	30	33	46	50	56	
824	33	56	77	81	84	
825	56	77	
826	50	56	72	75	77	81	82	
827	30	56	
828	47	50	
829	56	81	
830	72	75	81	82	
831	47	56	64	74	77	81	83	84	
832	47	
833	56	
834	33	47	
835	28	47	56	77	84	
836	50	56	72	75	81	82	
837	56	81	
838	28	56	
839	47	56	77	84	
840	33	50	56	81	
841	84	
842	72	75	81	82	
843	50	84	
844	72	75	81	82	
845	73	
846	64	74	83	
847	77	
848	28	56	
849	68	77	84	
850	56	77	81	84	
851	33	46	56	73	
852	56	77	81	
853	28	30	33	46	50	56	
854	72	75	81	82	
855	47	56	81	
856	56	77	84	
857	28	56	
858	72	75	81	82	
859	47	56	
860	46	47	56	77	84	
861	30	56	
862	33	50	56	
863	47	56	72	75	77	81	82	84	
864	77	84	
865	30	56	
866	30	33	56	72	75	77	81	82	
867	46	56	
868	47	50	56	
869	47	56	
870	56	81	
871	30	33	47	
872	28	47	56	77	84	
873	30	56	81	
874	77	84	
875	30	33	46	50	56	77	84	
876	56	77	
877	28	33	47	50	56	72	73	75	77	81	82	84	
878	28	30	33	56	72	73	75	77	81	82	84	
879	33	77	
880	33	56	
881	30	33	46	50	56	
882	28	30	50	
883	2	7	12	19	20	26	27	31	38	52	67	
884	8	11	28	30	33	43	46	50	56	69	70	71	84	
885	28	50	56	
