1	1	2	3	4	5	7	8	9	11	12	13	15	16	18	19	21	22	23	24	25	26	27	32	33	34	37	38	39	40	41	42	
2	
3	24	35	41	
4	
5	
6	
7	2	3	4	5	11	12	13	15	16	19	24	25	28	34	35	38	39	41	
8	4	12	16	17	19	28	34	39	
9	1	2	3	4	5	7	8	9	10	11	12	13	14	15	16	17	18	19	20	21	22	23	24	25	26	27	28	29	32	33	34	35	36	37	38	39	40	41	42	
10	
11	1	2	4	9	11	12	16	24	26	32	39	42	
12	
13	1	7	8	11	12	13	16	18	24	25	27	34	35	36	37	40	41	
14	1	2	3	4	5	7	8	9	11	12	13	15	16	18	20	21	22	23	24	25	26	27	28	30	31	33	34	35	36	37	38	39	40	41	42	
15	
16	
17	
18	
19	
20	
21	
22	1	7	12	13	19	24	26	32	39	42	
23	12	13	16	19	27	38	39	
24	
25	
26	
27	
28	
29	
30	7	12	16	24	35	41	
31	
32	
33	
34	16	24	
35	1	2	3	4	11	12	13	14	16	19	22	23	25	26	27	38	39	41	
36	
37	
38	1	2	3	4	5	7	8	9	10	11	12	13	14	15	16	17	18	19	20	21	22	23	24	25	26	27	28	29	32	33	34	36	37	38	39	40	42	
39	1	3	5	7	8	9	11	12	13	15	16	19	21	24	25	27	34	35	38	39	41	
40	
41	1	2	3	4	5	7	8	9	10	11	12	13	14	15	16	18	19	20	21	22	23	24	25	26	27	28	32	33	34	35	36	37	38	39	40	41	42	
42	1	7	16	24	25	32	35	37	39	40	42	
43	
44	1	2	4	5	7	8	9	11	12	13	16	18	23	24	26	27	34	37	38	39	40	41	42	
45	
46	1	2	4	7	8	9	11	12	16	18	23	24	26	32	33	34	37	38	39	40	42	
47	
48	1	7	24	32	35	40	
49	
50	5	11	12	13	14	19	26	
51	1	7	24	
52	
53	11	12	13	15	16	24	35	39	41	
54	
55	24	35	
56	
57	
58	
59	
60	1	2	7	11	12	13	16	24	39	
61	1	2	3	4	5	6	7	8	9	10	11	12	13	14	15	16	17	18	19	20	21	22	23	24	25	26	27	28	29	30	31	32	33	34	36	37	38	39	40	41	42	
62	
63	1	2	3	4	5	6	7	8	9	10	11	12	13	14	15	16	17	18	19	20	21	22	23	24	25	26	27	28	29	30	31	32	33	34	36	37	38	39	40	41	42	
64	
65	1	2	3	4	5	7	8	9	10	11	12	13	14	15	16	17	18	19	21	22	23	24	25	26	27	32	33	34	37	38	39	40	42	
66	
67	
68	
69	
70	
71	
72	
73	1	7	9	24	32	37	40	42	
74	
75	1	2	4	5	7	8	9	10	11	12	13	15	16	18	19	20	21	23	24	25	26	27	28	29	30	31	32	33	34	36	37	38	39	40	41	42	
76	
77	
78	
79	
80	1	2	4	5	7	8	9	11	12	13	16	21	23	24	25	26	27	32	33	34	35	37	38	39	40	41	42	
81	1	7	16	24	32	35	37	40	
82	1	2	3	4	5	7	8	9	11	12	13	14	15	16	18	19	21	22	23	24	25	26	27	28	32	33	34	35	37	38	39	40	41	42	
83	24	
84	
85	
86	11	12	24	26	39	
87	12	13	16	25	35	41	
88	
89	
90	
91	
92	
93	
94	
95	
96	
97	1	2	3	7	9	11	12	16	24	32	33	37	39	40	42	
98	1	5	7	8	11	12	15	16	18	24	25	34	35	39	41	
99	
100	
101	24	35	
102	
103	1	7	11	12	16	24	32	35	41	
104	
105	1	2	3	4	5	7	8	9	11	12	13	14	15	16	19	21	22	23	24	25	26	27	28	32	33	34	38	39	40	41	42	
106	1	3	5	7	8	9	11	12	13	14	15	16	18	19	21	24	25	26	27	32	33	34	35	37	38	39	40	41	
107	1	2	4	5	7	8	9	10	11	12	13	15	16	18	19	21	22	23	24	25	26	27	29	32	33	34	36	37	38	39	40	42	
108	
109	
110	1	7	8	11	12	13	16	18	24	25	27	34	35	37	41	
111	1	2	3	5	7	11	12	13	15	16	19	21	24	25	27	28	34	35	38	39	41	
112	
113	1	3	5	8	11	12	13	14	15	16	17	18	19	20	24	26	27	34	38	39	41	
114	
115	1	2	4	5	7	8	9	10	11	12	13	16	18	19	23	24	26	27	32	33	37	38	39	42	
116	
117	1	2	4	5	7	8	9	11	12	13	15	16	18	23	24	25	27	28	34	35	36	37	38	39	40	41	42	
118	
119	1	2	3	4	5	7	8	9	10	11	12	13	14	15	16	18	19	20	21	22	23	24	25	26	27	28	32	33	34	35	36	37	38	39	40	41	42	
120	
121	1	2	3	4	5	7	8	9	11	12	13	14	15	16	17	18	19	21	23	24	25	26	27	28	34	35	38	39	41	
122	
123	
124	1	12	16	24	39	
125	
126	1	2	4	5	7	8	9	10	11	12	13	14	16	18	19	21	22	23	24	26	27	29	32	33	36	37	38	39	40	42	
127	
128	1	7	24	32	42	
129	1	2	3	4	5	6	7	9	11	12	13	14	15	16	17	18	19	20	21	22	23	24	25	26	27	28	33	35	37	38	39	41	42	
130	1	2	4	5	7	8	9	10	11	12	13	15	16	18	19	21	23	24	25	26	27	29	32	33	34	35	36	37	38	39	40	41	42	
131	1	7	24	25	32	35	39	40	
132	
133	1	2	3	4	5	7	8	9	10	11	12	13	14	15	16	18	19	21	22	23	24	25	26	27	32	33	34	35	37	38	39	40	41	42	
134	
135	
136	
137	1	2	3	4	5	7	8	9	11	12	13	16	22	23	24	26	32	33	34	37	38	39	40	42	
138	7	24	
139	
140	1	7	12	16	24	25	32	35	39	
141	7	12	16	24	35	41	
142	
143	
144	
145	
146	
147	
148	1	2	3	4	5	7	8	9	11	12	13	15	16	18	19	21	23	24	25	26	27	28	34	35	37	38	39	40	41	42	
149	
150	
151	
152	
153	
154	
155	1	7	9	12	16	24	32	40	42	
156	
157	
158	1	2	3	4	5	7	8	9	10	11	12	13	14	15	16	17	18	19	21	22	23	24	25	26	27	28	32	33	34	35	37	38	39	40	41	42	
159	
160	
161	24	
162	1	7	10	26	29	36	37	
163	
164	1	2	3	4	5	7	8	9	11	12	13	14	15	16	18	19	20	23	24	25	26	27	28	34	35	36	38	39	41	
165	
166	8	11	12	18	34	
167	7	37	
168	1	2	3	4	5	7	8	9	11	12	13	14	15	16	18	19	21	22	23	24	25	26	27	28	33	34	35	38	39	40	41	42	
169	
170	16	25	28	35	41	
171	
172	
173	1	3	7	16	24	32	39	
174	
175	1	2	3	4	5	7	8	9	11	12	13	14	15	16	17	18	19	20	21	22	23	24	25	26	27	32	33	34	36	37	38	39	40	42	
176	29	
177	16	
178	16	
179	
180	17	
181	1	5	7	8	9	11	12	13	15	16	24	25	35	38	39	41	
182	
183	
184	
185	
186	
187	
188	1	2	3	4	5	7	8	9	10	11	12	13	14	15	16	18	19	21	22	23	24	25	26	27	28	33	34	38	39	41	42	
189	7	24	35	
190	1	2	3	4	5	7	8	9	11	12	13	14	15	16	17	18	19	20	24	25	26	27	28	34	35	38	39	41	
191	1	2	3	4	5	7	8	9	11	12	13	15	16	18	19	20	24	25	26	27	28	34	35	38	39	41	
192	
193	24	35	
194	
195	
196	
197	1	7	12	26	32	42	
198	1	2	4	5	7	8	9	11	12	13	15	16	18	19	21	23	24	25	26	27	32	33	34	37	38	39	40	41	42	
199	
200	7	9	12	24	35	37	40	
201	
202	1	2	3	4	5	7	8	9	10	11	12	13	14	15	16	17	18	19	20	21	22	23	24	25	26	27	28	29	32	33	34	36	37	38	39	40	42	
203	1	2	3	4	5	7	8	9	11	12	13	15	16	18	19	20	24	25	27	28	34	35	38	39	41	
204	1	2	4	7	9	11	12	13	16	24	26	32	37	40	42	
205	5	11	12	15	16	24	28	34	35	39	41	
206	11	24	35	41	
207	
208	
209	1	7	8	16	18	24	25	28	34	35	
210	
211	1	2	3	4	9	12	16	22	24	26	39	42	
212	7	24	
213	5	11	12	13	14	15	16	17	19	22	24	25	27	35	39	41	
214	5	7	8	11	12	13	14	15	16	17	18	19	20	24	25	27	28	34	35	38	39	41	
215	1	2	3	4	5	6	7	8	9	10	11	12	13	14	15	16	17	18	19	20	21	22	23	24	25	26	27	28	29	30	31	32	33	34	36	37	38	39	40	41	42	
216	5	7	9	11	12	13	14	15	16	37	38	39	
217	35	
218	
219	
220	1	2	3	4	5	7	8	9	10	11	12	13	15	16	18	19	21	23	24	25	26	27	32	33	34	37	38	39	40	41	42	
221	
222	1	2	3	4	5	7	8	9	11	12	13	15	16	18	19	20	21	23	24	25	27	28	33	34	35	37	38	39	40	41	
223	1	2	4	5	7	8	9	10	11	12	13	16	18	19	23	24	25	26	27	33	34	36	37	38	39	41	42	
224	1	7	12	16	24	32	35	37	40	
225	1	2	4	5	7	8	9	11	12	13	15	16	18	19	20	23	24	25	26	27	28	34	35	38	39	41	
226	11	12	16	24	35	39	41	
227	
228	1	2	3	4	5	7	8	9	10	11	12	13	14	16	19	21	22	23	24	25	26	27	32	33	37	38	39	40	42	
229	
230	
231	1	2	4	5	7	8	9	11	12	13	15	16	18	24	25	28	34	35	38	39	41	
232	1	2	4	7	9	11	12	16	22	23	24	25	28	37	39	40	42	
233	
234	
235	
236	
237	
238	
239	
240	11	12	15	16	35	39	41	
241	
242	
243	7	12	16	24	35	37	41	
244	
245	
246	
247	
248	
249	
250	
251	7	16	24	35	
252	
253	
254	24	
255	
256	1	5	7	8	9	10	11	12	13	14	15	16	18	19	20	21	23	24	26	27	30	31	33	34	35	36	37	38	39	41	
257	
258	
259	41	
260	
261	
262	
263	
264	
265	
266	35	41	
267	
268	
269	
270	
271	
272	
273	
274	
275	
276	
277	
278	
279	
280	
281	35	
282	
283	41	
284	
285	
286	
287	
288	
289	
290	
291	
292	
293	
294	
295	
296	
297	
298	1	2	3	4	5	7	9	10	11	12	13	14	15	16	17	19	21	22	23	24	25	26	27	32	33	35	37	38	39	40	41	42	
299	
300	
301	28	41	
302	
303	
304	
305	
306	
307	
308	
309	1	5	7	8	9	11	12	13	15	16	24	25	26	27	32	33	35	37	38	39	40	41	
310	
311	
312	1	2	3	4	5	7	8	9	10	11	12	13	14	15	16	17	18	19	20	21	22	23	24	25	26	27	28	30	32	33	34	35	36	37	38	39	40	41	
313	
314	
315	
316	
317	
318	
319	
320	
321	1	2	3	4	5	7	8	9	10	11	12	13	14	15	16	17	18	19	20	21	22	23	24	25	26	27	28	30	31	32	33	34	35	36	37	38	39	40	41	42	
322	
323	1	2	3	4	5	7	8	9	10	11	12	13	14	15	16	18	19	21	23	24	25	26	27	28	32	33	34	35	37	38	39	40	41	42	
324	35	
325	
326	
327	1	5	6	7	9	11	12	13	19	21	26	32	33	38	39	42	
328	
329	
330	
331	
332	
333	
334	
335	
336	
337	
338	
339	
340	
341	
342	
343	
344	5	8	11	12	13	14	15	16	17	24	34	35	38	39	41	
345	
346	
347	
348	
349	
350	
351	
352	
353	
354	
355	
356	
357	
358	
359	1	2	3	4	5	7	8	9	10	11	12	13	14	15	16	17	18	19	20	21	22	23	24	25	26	27	28	32	33	34	35	36	37	38	39	40	41	42	
360	
361	
362	
363	1	32	42	
364	
365	
366	
367	
368	12	16	24	41	
369	
370	
371	
372	1	7	8	9	10	11	12	13	21	24	26	29	32	33	37	38	40	42	
373	
374	
375	
376	
377	
378	1	2	3	4	5	7	8	9	10	11	12	13	14	15	16	18	19	20	21	22	23	24	25	26	27	28	30	31	32	33	34	35	36	37	38	39	40	41	42	
379	
380	
381	1	2	3	4	5	7	8	9	11	12	13	16	21	22	23	24	25	26	27	32	33	35	37	38	39	40	41	42	
382	
383	17	
384	
385	3	5	8	11	12	13	14	15	16	17	19	24	26	27	35	38	39	41	
386	
387	35	41	
388	
389	
390	
391	
392	
393	
394	
395	
396	
397	
398	
399	16	24	
400	26	
401	
402	1	2	3	4	5	7	8	9	11	12	13	14	15	16	19	21	22	23	24	25	26	27	32	33	38	39	40	41	42	
403	1	11	12	13	16	19	24	26	38	39	
404	
405	1	2	4	8	12	16	18	26	28	34	36	42	
406	1	2	4	7	9	13	14	17	19	22	24	32	33	35	39	42	
407	
408	1	2	3	4	5	7	8	9	10	11	12	13	14	15	16	17	18	19	20	21	22	23	24	25	26	27	28	31	32	33	34	35	36	37	38	39	40	41	42	
409	1	7	11	12	13	16	24	25	32	33	35	38	39	40	41	
410	1	2	4	9	11	12	13	15	16	24	25	27	28	34	35	38	39	41	
411	1	2	3	4	5	7	8	9	10	11	12	13	14	15	16	18	19	20	21	22	23	24	25	26	27	28	29	31	32	33	34	35	36	37	38	39	40	41	42	
412	
413	
414	6	11	13	15	19	35	41	
415	
416	
417	1	4	5	7	8	9	11	12	13	14	15	16	17	19	21	24	26	27	32	33	35	37	38	39	41	42	
418	1	2	3	4	5	7	8	9	10	11	12	13	14	15	16	18	19	20	21	22	23	24	25	26	27	28	29	31	32	33	34	35	36	37	38	39	40	41	42	
419	35	41	
420	
421	1	2	3	4	5	7	8	9	11	12	13	15	16	18	19	21	23	24	25	26	27	32	33	34	35	37	38	39	40	41	42	
422	1	2	3	4	5	7	8	9	10	11	12	13	14	15	16	18	19	21	22	23	24	25	26	27	28	32	33	34	35	36	37	38	39	40	41	42	
423	1	2	3	4	5	7	8	9	10	11	12	13	14	15	16	18	19	21	22	23	24	25	26	27	28	32	33	34	35	36	37	38	39	40	41	42	
424	41	
425	24	
426	1	2	3	4	9	11	12	13	15	16	24	25	28	34	35	38	39	41	
427	24	
428	12	13	16	24	25	27	28	35	41	
429	
430	
431	16	41	
432	
433	
434	
435	3	5	8	11	12	13	21	26	27	38	39	
436	
437	
438	
439	
440	
441	1	5	7	8	9	11	12	13	15	16	18	24	25	27	28	33	34	35	37	38	39	40	41	
442	1	2	3	4	5	7	8	9	11	12	13	15	16	18	19	21	24	25	26	27	32	33	34	35	37	38	39	40	41	42	
443	1	32	
444	1	2	3	4	5	7	8	9	10	11	12	13	14	15	16	17	18	19	20	21	22	23	24	25	26	27	28	29	31	32	33	34	35	36	37	38	39	40	41	42	
445	
446	1	2	3	4	5	7	8	9	11	12	13	14	15	16	17	19	20	21	22	23	24	25	26	27	28	34	35	37	38	39	40	41	
447	35	
448	1	2	3	4	5	7	8	9	11	12	13	14	15	16	18	19	20	21	22	23	24	25	26	27	28	34	35	37	38	39	41	
449	3	5	11	12	13	15	16	17	19	24	25	35	38	39	41	
450	1	2	3	4	5	7	8	9	11	12	13	14	15	16	17	19	21	22	23	24	25	26	27	28	33	35	38	39	41	42	
451	1	2	4	5	8	9	11	12	13	15	16	18	22	23	24	25	26	27	28	34	35	38	39	41	
452	
453	1	3	5	8	11	12	13	14	15	16	17	18	19	20	22	26	27	33	34	38	39	
454	1	2	3	4	5	6	7	8	9	10	11	12	13	14	15	16	17	18	19	21	22	23	24	25	26	27	29	30	32	33	34	35	36	37	38	39	40	41	42	
455	1	2	3	4	5	7	8	9	11	12	13	14	15	16	19	21	24	25	26	27	34	35	38	39	40	41	
456	1	2	3	4	5	7	8	9	11	12	13	14	15	16	18	19	21	22	23	24	25	26	27	32	33	34	35	37	38	39	40	41	42	
457	
458	1	7	8	11	12	13	16	19	26	27	38	
459	
460	1	2	5	7	8	9	11	12	13	15	16	18	24	25	27	32	33	34	35	37	38	39	40	41	42	
461	16	24	35	
462	1	7	8	9	11	12	13	16	24	26	32	37	38	39	40	42	
463	3	4	5	8	9	11	12	13	14	15	16	17	18	19	20	21	22	23	24	25	26	27	28	30	31	34	35	36	38	39	41	
464	
465	
466	41	
467	
468	
469	1	2	3	4	5	7	8	9	10	11	12	13	14	15	16	18	19	21	22	23	24	25	26	27	29	32	33	34	35	36	37	38	39	40	41	42	
470	1	2	4	5	7	8	9	11	12	13	15	16	18	19	20	24	25	26	27	28	34	38	39	40	41	
471	7	16	24	25	34	35	37	41	
472	
473	1	2	3	4	5	7	8	9	10	11	12	13	14	15	16	18	19	20	21	22	23	24	25	26	27	28	29	30	31	32	33	34	35	36	37	38	39	40	41	42	
474	1	3	4	5	8	9	11	12	13	14	15	16	17	19	21	24	25	26	27	28	34	35	38	39	41	
475	
476	1	2	3	4	5	7	8	9	10	11	12	13	14	15	16	17	18	19	20	21	22	23	24	25	26	27	28	29	32	33	34	35	36	37	38	39	40	41	42	
477	4	5	8	9	11	12	13	14	15	16	17	18	19	24	25	27	28	33	34	35	38	39	41	
478	
479	
480	5	11	12	15	16	24	35	37	39	41	
481	5	11	12	13	14	15	16	17	19	24	26	27	35	38	39	41	
482	1	3	5	7	11	12	13	14	15	16	19	21	24	32	35	38	39	41	
483	1	2	3	4	5	9	11	12	13	15	16	17	19	22	23	24	25	27	28	35	38	39	41	42	
484	1	2	3	4	7	8	9	16	18	23	24	25	26	27	28	32	33	34	35	38	39	40	41	42	
485	
486	1	5	7	8	9	11	12	13	14	15	16	18	19	21	24	25	26	27	33	35	38	39	41	42	
487	1	2	3	4	5	7	9	10	11	12	13	14	15	16	17	19	21	22	23	25	26	27	33	37	38	39	42	
488	1	2	3	4	5	7	8	9	11	12	13	14	15	16	17	19	20	21	22	23	24	25	26	27	35	37	38	39	40	41	42	
489	32	33	41	
490	1	2	3	4	5	7	8	9	10	11	12	13	14	16	18	19	21	22	23	24	25	26	27	32	33	34	37	38	39	40	42	
491	1	2	7	9	11	12	16	26	32	42	
492	1	2	3	4	5	7	8	9	10	11	12	13	14	15	16	18	19	20	21	22	23	24	25	26	27	28	29	32	33	34	35	36	37	38	39	40	41	42	
493	1	3	5	7	8	9	11	12	13	14	15	16	19	21	24	25	26	27	32	33	35	37	38	39	41	
494	1	5	7	8	9	11	12	13	15	16	18	19	21	24	25	27	28	33	34	35	38	39	41	
495	1	2	3	4	5	7	8	9	11	12	13	15	16	18	19	21	23	24	25	26	27	32	33	34	35	37	38	39	40	41	42	
496	1	2	3	4	5	7	8	9	11	12	13	15	16	18	19	24	25	27	28	34	35	38	39	41	
497	1	2	3	4	5	9	11	12	13	14	15	16	17	19	21	22	23	24	26	32	33	38	39	42	
498	5	11	12	13	14	15	16	17	19	24	35	38	39	41	
499	5	11	12	13	14	15	16	17	19	38	39	41	
500	7	11	16	18	24	28	34	35	41	
501	
502	1	2	3	4	5	7	8	9	11	12	13	14	15	16	17	18	19	20	21	22	23	24	25	26	27	28	32	33	34	35	37	38	39	40	41	42	
503	1	2	3	4	5	6	7	8	9	10	11	12	13	14	15	16	17	18	19	21	22	23	24	25	26	27	28	30	32	33	34	35	36	37	38	39	41	42	
504	1	3	4	5	8	9	11	12	13	14	15	16	17	19	21	22	24	26	27	35	38	39	41	
505	1	2	4	5	9	11	12	13	15	16	18	19	23	24	25	26	27	28	33	35	38	39	41	42	
506	1	2	3	4	5	7	8	9	10	11	12	13	14	16	19	21	22	23	24	25	26	27	32	33	38	39	40	42	
507	1	2	3	4	5	7	8	9	10	11	12	13	14	15	16	18	19	21	22	24	25	26	27	32	33	34	35	37	38	39	40	41	42	
508	1	2	3	4	5	7	8	9	10	11	12	13	14	15	16	17	18	19	20	21	22	23	24	25	26	27	28	30	31	32	33	34	35	36	37	38	39	40	41	42	
509	1	2	3	4	5	7	8	9	11	12	13	14	15	16	17	18	19	20	21	22	24	25	26	27	28	34	35	38	39	40	41	
510	1	2	3	4	5	7	8	9	10	11	12	13	14	15	16	18	19	21	23	24	25	26	27	28	32	33	34	35	36	38	39	40	41	42	
511	
512	35	41	
513	1	2	3	4	5	7	8	9	10	11	12	13	14	15	16	18	19	21	22	23	24	25	26	27	32	33	34	35	37	38	39	40	41	42	
514	1	2	3	4	5	7	8	9	11	12	13	14	15	16	17	19	21	22	23	24	25	26	27	32	33	35	37	38	39	40	41	42	
515	
516	
517	2	4	12	13	16	19	25	27	28	34	41	
518	11	12	15	37	
519	
520	1	2	3	4	5	7	8	9	10	11	12	13	14	15	16	17	18	19	20	21	22	23	24	25	26	27	28	29	30	31	32	33	34	35	36	37	38	39	40	41	42	
521	1	4	5	7	8	9	10	11	12	13	14	15	16	18	19	21	23	24	25	26	27	28	33	34	35	36	37	38	39	41	
522	1	3	4	5	8	9	10	11	12	13	14	15	16	17	18	19	20	21	22	23	25	26	27	28	33	38	39	41	
523	1	2	3	4	5	6	7	8	9	10	11	12	13	14	15	16	17	18	19	20	21	22	23	24	25	26	27	31	32	33	35	36	37	38	39	40	41	42	
524	1	2	4	5	7	8	9	11	12	13	15	16	18	23	24	25	26	27	28	34	35	36	37	38	39	40	41	
525	1	2	3	4	5	7	8	9	10	11	12	13	14	15	16	17	18	19	20	21	22	23	24	25	26	27	28	29	32	33	34	36	38	39	40	42	
526	1	2	4	5	7	8	9	11	12	13	16	24	25	32	33	34	35	37	38	39	40	42	
527	1	5	7	9	11	12	13	15	16	19	24	37	38	39	
528	7	37	
529	7	
530	1	2	4	7	8	9	11	12	15	16	18	24	28	34	35	37	39	40	41	
531	1	3	4	5	7	8	9	11	12	13	14	15	16	17	19	21	22	24	25	26	27	33	35	38	39	41	
532	16	35	41	
533	1	2	4	5	7	8	9	10	11	12	13	15	16	18	19	20	21	23	24	25	26	27	28	33	34	35	36	37	38	39	40	41	42	
534	1	2	3	4	5	6	7	8	9	10	11	12	13	14	15	16	17	18	19	20	21	22	23	24	25	26	27	28	29	30	31	32	33	34	35	36	37	38	39	40	41	42	
535	1	2	4	5	7	8	9	11	12	13	16	19	24	25	26	27	32	33	37	38	39	40	42	
536	1	2	3	4	5	6	7	8	9	10	11	12	13	14	15	16	17	18	19	20	21	22	23	24	25	26	27	28	32	33	35	37	38	39	41	42	
537	1	5	11	12	13	14	15	16	17	19	22	39	42	
538	11	12	13	15	16	17	19	22	39	
539	1	2	3	4	5	7	8	9	10	11	12	13	14	15	16	17	18	19	20	21	22	23	24	25	26	27	28	32	33	34	35	36	37	38	39	40	41	42	
540	24	
541	1	2	3	4	11	12	13	14	16	17	19	21	22	24	25	26	38	39	41	
542	1	2	4	5	7	8	9	11	12	13	15	16	18	23	24	25	26	27	28	32	33	34	35	36	37	38	39	40	41	42	
543	1	2	3	4	5	7	9	11	12	13	14	15	16	17	19	21	22	23	24	26	32	33	37	38	39	40	42	
544	42	
545	1	2	4	5	7	9	11	12	13	14	15	16	17	19	22	33	38	39	42	
546	
547	5	6	9	11	13	15	17	19	39	42	
548	19	42	
549	1	2	4	5	7	8	9	10	11	12	13	16	19	21	23	24	26	27	29	32	33	36	37	38	39	40	42	
550	16	24	41	
551	
552	
553	4	5	11	12	13	16	19	26	38	39	41	
554	
555	
556	1	2	3	4	5	7	8	9	10	11	12	13	14	15	16	17	18	19	20	21	22	23	24	25	26	27	28	30	31	32	33	34	35	36	37	38	39	40	41	42	
557	1	2	3	4	5	7	8	9	11	12	13	14	16	19	21	22	23	24	26	27	32	33	38	39	40	42	
558	
559	
560	2	16	19	24	25	39	41	42	
561	1	2	3	4	5	6	7	8	9	10	11	12	13	14	15	16	17	18	19	20	21	22	23	24	25	26	27	28	29	30	31	32	33	34	35	36	37	38	39	40	41	42	
562	1	3	5	8	10	11	12	13	14	15	16	17	19	21	22	26	27	32	33	35	38	39	41	
563	1	2	3	4	7	9	11	12	13	16	24	25	35	38	39	41	42	
564	1	2	3	4	5	7	8	9	10	11	12	13	14	15	16	18	19	20	21	23	24	25	26	27	28	29	30	31	32	33	34	35	36	37	38	39	40	41	
565	7	11	12	13	15	16	24	25	28	34	35	39	41	
566	1	2	4	9	22	24	32	42	
567	1	2	3	4	5	9	11	12	13	14	15	16	17	19	22	23	26	32	38	39	42	
568	11	12	41	
569	1	2	3	4	5	7	8	9	10	11	12	13	14	15	16	18	19	21	22	23	24	25	26	27	28	32	33	34	36	37	38	39	40	41	42	
570	
571	6	19	42	
572	1	2	3	4	5	6	7	8	9	10	11	12	13	14	15	16	17	18	19	20	21	22	23	24	25	26	27	28	29	30	31	32	33	34	35	36	37	38	39	40	41	42	
573	7	24	35	
574	2	4	
575	1	2	4	7	9	16	24	32	37	40	42	
576	1	5	7	9	11	12	13	14	15	17	19	21	22	26	32	37	38	39	42	
577	7	16	24	25	35	41	
578	
579	7	8	11	16	18	21	24	25	32	33	35	39	41	
580	1	2	7	9	24	32	33	37	40	42	
581	1	3	5	9	11	12	13	14	15	16	17	19	21	26	38	39	42	
582	2	4	8	25	34	
583	1	2	3	4	5	7	8	9	10	11	12	13	14	15	16	18	19	20	21	23	24	25	26	27	28	33	34	35	36	37	38	39	40	41	42	
584	35	41	
585	1	2	4	5	6	7	8	9	11	12	13	15	16	18	19	21	23	24	25	26	27	28	32	33	35	37	38	39	40	41	42	
586	2	11	12	16	24	25	39	41	
587	
588	41	
589	1	2	12	26	32	42	
590	1	2	4	9	11	12	13	16	19	22	24	26	32	39	42	
591	
592	24	35	
593	16	24	25	35	41	
594	
595	7	
596	7	
597	1	2	4	7	8	9	11	12	16	24	26	32	37	40	42	
598	1	7	11	12	13	16	24	38	
599	
600	1	4	5	9	11	12	13	14	15	16	19	24	26	37	38	39	41	42	
601	
602	1	2	4	5	6	7	8	9	10	11	12	13	14	15	16	18	19	21	22	23	24	26	27	32	33	37	38	39	42	
603	1	2	5	7	8	11	12	13	16	19	24	25	26	27	32	33	38	39	42	
604	
605	1	2	4	5	7	8	9	10	11	12	13	14	15	16	18	19	20	21	22	23	24	25	26	27	28	30	33	34	36	37	38	39	40	41	42	
606	1	2	3	4	5	6	7	8	9	10	11	12	13	14	15	16	17	18	19	20	21	22	23	24	25	26	27	28	29	30	31	33	34	35	36	37	38	39	41	42	
607	
608	1	3	4	5	6	7	8	9	10	11	12	13	14	15	16	17	19	21	22	23	24	26	27	32	33	35	38	39	41	42	
609	32	34	
610	1	2	3	4	5	7	8	9	10	11	12	13	14	15	16	17	18	19	20	21	22	23	24	25	26	27	28	29	31	32	33	34	36	37	38	39	40	41	42	
611	
612	1	2	3	4	5	7	8	9	10	11	12	13	14	15	16	18	19	20	21	22	23	24	25	26	27	28	32	33	34	35	36	37	38	39	40	41	42	
613	6	7	9	11	13	15	19	24	28	35	37	41	42	
614	20	
615	17	
616	
617	1	2	3	4	5	7	8	9	10	11	12	13	14	15	16	17	18	19	20	21	22	23	24	25	26	27	28	29	30	31	32	33	34	35	36	37	38	39	40	41	42	
618	
619	1	2	3	4	5	7	8	9	10	11	12	13	14	15	16	17	18	19	20	21	22	23	24	26	27	32	33	37	38	39	40	41	42	
620	1	2	3	4	5	7	8	9	10	11	12	13	14	15	16	18	19	21	22	23	24	25	26	27	32	33	34	37	38	39	40	41	42	
621	1	2	3	4	5	7	8	9	11	12	13	14	15	16	17	18	19	21	22	23	24	25	26	27	28	32	33	34	35	38	39	41	42	
622	
623	13	15	19	
624	
625	7	24	35	
626	1	2	3	4	5	7	8	9	10	11	12	13	14	15	16	17	18	19	20	21	22	23	24	25	26	27	28	30	31	32	33	34	35	36	37	38	39	40	41	42	
627	1	2	3	4	5	7	8	9	10	11	12	13	14	15	16	17	18	19	20	21	22	23	24	25	26	27	28	31	32	33	34	35	36	37	38	39	40	41	42	
628	
629	6	20	31	
630	1	2	3	4	5	8	9	11	12	13	14	15	16	18	19	20	22	23	24	25	26	27	28	34	35	38	39	41	42	
631	11	16	24	35	41	
632	1	7	11	12	16	24	37	41	
633	24	35	41	
634	24	
635	3	5	11	12	13	14	15	16	21	24	25	27	34	35	38	39	41	
636	1	2	3	4	5	7	8	9	10	11	12	13	15	16	18	19	20	22	23	24	25	26	27	28	29	30	31	32	33	34	36	37	38	39	40	42	
637	7	24	35	
638	35	
639	7	24	32	35	42	
640	
641	
642	
643	1	2	3	4	5	7	8	9	11	12	13	14	15	16	17	18	19	20	21	22	23	24	25	26	27	28	32	33	34	35	37	38	39	40	41	42	
644	8	16	18	24	28	34	35	41	
645	1	2	4	5	7	8	9	11	12	13	16	19	24	25	26	27	32	33	37	38	39	40	42	
646	
647	1	2	3	4	5	7	8	9	11	12	13	14	15	16	17	18	19	21	22	23	26	31	32	33	34	38	39	40	
648	
649	2	7	8	10	20	22	25	26	27	29	30	31	33	36	37	40	42	
650	
651	
652	1	2	3	4	5	7	8	9	10	11	12	13	14	15	16	17	18	19	20	21	22	23	24	25	26	27	28	29	30	31	32	33	34	35	36	37	38	39	40	41	42	
653	
654	1	2	4	5	7	9	11	12	13	15	16	19	21	24	26	33	38	39	41	42	
655	
656	1	2	3	4	5	6	7	8	9	10	11	12	13	14	15	16	17	19	21	22	23	24	25	26	27	32	33	37	38	39	40	41	42	
657	1	2	3	4	5	6	7	9	10	11	12	13	14	15	17	19	21	22	23	26	29	32	33	37	38	39	40	42	
658	
659	
660	1	2	3	4	5	7	8	9	10	11	12	13	14	15	16	17	18	19	20	21	22	23	24	25	26	27	28	29	30	31	32	33	34	35	36	37	38	39	40	41	42	
661	1	2	3	4	5	7	8	9	10	11	12	13	14	15	16	17	18	19	20	21	22	23	24	25	26	27	28	33	37	38	39	40	41	42	
662	5	11	12	15	35	41	
663	5	11	12	13	15	16	24	25	27	35	38	39	41	
664	
665	1	4	5	7	8	9	11	12	13	14	15	16	19	23	24	26	27	34	35	37	38	39	41	
666	1	2	3	4	5	7	8	9	11	12	13	16	19	22	23	24	25	26	27	32	33	34	37	38	39	40	42	
667	1	2	3	4	5	7	8	9	11	12	13	15	16	18	21	24	25	27	32	33	34	35	37	38	39	40	41	42	
668	1	2	3	4	5	7	8	9	11	12	13	14	15	16	17	18	19	20	21	22	24	25	26	27	28	33	34	35	38	39	41	
669	1	2	3	4	5	7	8	9	10	11	12	13	14	15	16	17	18	19	20	21	22	23	24	25	26	27	28	31	32	33	34	35	36	37	38	39	40	41	42	
670	1	3	5	9	11	12	15	16	17	24	32	39	
671	1	4	5	7	8	9	11	12	13	15	16	18	24	25	27	28	34	35	38	39	41	
672	1	2	3	4	5	6	7	8	9	10	11	12	13	14	15	16	17	18	19	20	21	22	23	24	25	26	27	28	29	30	31	32	33	34	35	36	37	38	39	40	41	42	
673	1	2	3	4	5	7	8	9	11	12	13	15	16	19	21	22	23	24	25	26	27	28	32	33	34	35	38	39	40	41	42	
674	1	2	5	7	8	9	11	12	13	16	24	25	26	27	32	33	34	35	37	38	39	40	42	
675	1	2	4	5	7	8	9	11	12	13	16	19	24	25	26	27	32	33	34	37	38	39	40	42	
676	7	11	12	13	15	16	18	24	25	28	34	35	39	41	
677	1	2	4	5	7	8	9	11	12	13	15	16	18	19	21	24	25	27	28	32	33	34	35	36	37	39	41	42	
678	1	2	3	4	5	8	9	10	11	12	13	14	15	16	17	18	19	20	21	22	23	24	25	26	27	28	33	34	35	38	39	41	
679	1	2	3	4	5	8	9	10	11	12	13	14	15	16	17	18	19	20	21	22	23	24	25	26	27	28	33	34	35	38	39	41	
680	1	2	4	5	7	8	9	11	12	13	15	16	18	24	25	26	27	32	34	35	37	38	39	40	41	42	
681	1	3	4	5	9	11	12	13	14	15	16	17	19	21	22	23	24	26	32	38	39	41	
682	1	2	3	4	5	7	9	11	12	13	14	15	16	17	19	21	22	23	24	25	26	27	28	32	33	35	37	38	39	41	42	
683	11	12	24	35	41	
684	8	16	24	35	41	42	
685	
686	1	2	3	4	5	7	8	9	11	12	13	14	15	16	17	18	19	20	21	22	23	24	25	26	27	28	34	35	38	39	41	
687	
688	
689	5	7	8	9	11	12	13	15	16	18	19	24	25	27	28	33	35	38	39	41	
690	1	2	3	4	5	7	8	9	10	11	12	13	14	15	16	17	18	19	21	22	23	24	25	26	27	28	32	33	34	38	39	40	41	42	
691	1	5	7	8	9	11	12	15	16	24	32	35	37	39	40	41	
692	1	4	5	7	9	11	12	13	14	15	16	17	19	22	24	26	38	39	41	42	
693	1	2	3	4	5	7	8	9	10	11	12	13	14	15	16	17	18	19	20	21	22	23	24	25	26	27	28	29	30	31	32	33	34	35	36	37	38	39	40	41	42	
694	1	2	4	5	7	8	9	11	12	13	15	16	18	24	25	28	32	34	35	37	38	39	40	41	42	
695	1	3	5	8	11	12	13	14	15	16	17	19	21	24	26	27	32	35	38	39	41	
696	1	7	8	9	11	12	13	15	16	18	24	25	28	34	35	37	39	40	41	
697	1	2	3	4	5	6	7	9	11	12	13	14	15	17	19	21	22	23	25	26	33	36	37	38	39	40	42	
698	1	2	3	4	5	7	8	9	11	12	13	14	15	16	17	19	21	22	23	24	25	26	27	32	33	34	35	37	38	39	40	41	42	
699	2	7	9	16	22	25	37	42	
700	
701	
702	
703	35	41	
704	
705	1	2	3	4	5	7	8	9	11	12	13	15	16	18	19	24	25	27	28	34	35	38	39	41	
706	
707	1	4	5	7	8	9	10	11	12	13	14	15	16	18	19	20	21	23	24	25	26	27	30	33	35	36	37	38	39	41	
708	7	16	24	35	41	
709	
710	1	2	5	7	8	9	11	12	13	15	16	18	21	24	25	27	32	33	34	35	37	38	39	40	41	42	
711	7	11	12	16	24	25	35	41	
712	1	2	3	4	5	7	8	9	10	11	12	13	14	15	16	17	18	19	20	21	22	23	24	25	26	27	28	31	32	33	34	35	36	37	38	39	40	41	42	
713	1	2	4	5	7	8	9	11	12	13	15	16	18	19	21	24	25	27	28	29	30	32	33	34	35	36	37	38	39	40	41	42	
714	
715	1	5	11	12	13	14	15	16	17	19	26	38	39	
716	10	17	20	22	27	28	
717	35	
718	
719	1	2	4	5	9	11	12	13	15	16	17	19	22	25	28	38	39	41	42	
720	
721	1	2	4	5	7	9	11	12	13	14	15	16	18	19	21	22	23	24	25	26	32	33	37	38	39	40	42	
722	
723	
724	
725	1	2	3	4	5	6	7	8	9	10	11	12	13	14	15	16	17	18	19	20	21	22	23	24	25	26	27	28	29	30	31	32	33	34	35	36	37	38	39	40	41	42	
726	1	7	16	
727	1	2	3	4	5	7	8	9	10	11	12	13	14	15	16	17	19	20	21	22	23	24	25	26	27	28	32	33	35	37	38	39	40	41	42	
728	1	2	3	4	5	7	8	9	10	11	12	13	14	15	16	17	18	19	21	22	23	24	25	26	27	28	32	33	35	37	38	39	40	41	42	
729	13	
730	5	7	9	11	12	13	15	16	24	37	39	
731	1	2	4	9	12	22	26	32	42	
732	1	7	9	11	12	16	24	25	35	37	39	40	41	
733	
734	1	2	3	4	5	7	9	11	12	13	14	15	16	17	19	21	22	24	26	32	33	35	37	38	39	40	41	42	
735	1	2	3	4	5	7	8	9	11	12	13	14	15	16	19	21	23	24	25	26	27	28	33	35	37	38	39	41	42	
736	12	13	14	15	17	19	35	41	
737	
738	7	24	35	37	41	
739	6	9	11	13	19	26	33	38	42	
740	1	2	3	4	5	7	8	9	11	12	13	14	15	16	17	18	19	20	21	22	23	24	25	26	27	28	32	33	34	35	38	39	40	41	42	
741	24	35	
742	1	2	3	4	5	7	8	9	11	12	13	14	15	16	17	18	19	21	22	23	24	25	26	27	32	33	34	35	37	38	39	40	41	42	
743	
744	
745	5	11	12	14	15	16	19	35	38	39	41	
746	
747	3	5	11	12	13	15	16	17	19	24	25	28	34	35	38	39	41	
748	1	2	3	4	5	8	9	10	11	12	13	14	15	16	17	18	19	20	21	22	23	25	26	27	28	31	32	33	34	36	38	39	41	
749	1	2	3	4	5	7	8	9	10	11	12	13	14	15	16	17	18	19	20	21	22	23	24	25	26	27	28	29	32	33	34	35	36	37	38	39	40	41	42	
750	
751	1	2	3	4	5	7	8	9	10	11	12	13	14	15	16	17	18	19	20	21	22	23	24	25	26	27	28	29	30	31	32	33	34	35	36	37	38	39	40	41	42	
752	
753	1	2	3	4	5	7	8	9	10	11	12	13	14	15	16	17	18	19	20	21	22	23	24	25	26	27	28	29	30	31	32	33	34	35	36	37	38	39	40	41	42	
754	
755	
756	1	2	3	4	5	7	8	9	11	12	13	15	16	19	21	24	25	26	27	35	38	39	41	42	
757	
758	7	37	
759	1	2	4	5	6	7	9	10	11	12	13	14	15	16	19	22	23	25	26	27	28	33	37	38	39	40	42	
760	1	2	3	4	5	7	8	9	10	11	12	13	14	15	16	18	19	20	21	22	23	24	25	26	27	28	29	32	33	34	35	36	37	38	39	40	41	42	
761	16	25	28	35	41	
762	
763	5	7	8	9	11	12	13	15	16	24	25	27	34	35	38	39	41	
764	1	2	3	4	5	7	8	9	11	12	13	14	15	16	17	18	19	20	21	22	23	24	25	26	27	28	31	33	34	35	36	37	38	39	41	
765	1	2	4	5	9	10	11	12	13	14	15	16	17	19	20	22	24	25	27	35	37	39	41	
766	7	
767	1	2	3	4	5	7	8	9	10	11	12	13	14	15	16	18	19	20	21	23	24	25	26	27	28	30	31	33	34	35	36	37	38	39	40	41	
768	1	2	3	4	5	7	8	9	10	11	12	13	14	15	16	17	18	19	20	21	22	23	24	25	26	27	28	32	33	34	35	36	37	38	39	41	42	
769	1	2	3	4	5	7	8	9	11	12	13	15	16	18	19	20	21	22	23	24	25	26	27	28	33	34	35	36	37	38	39	40	41	42	
770	1	2	3	4	5	7	8	9	10	11	12	13	15	16	18	19	21	23	24	25	26	27	33	35	37	38	39	41	42	
771	1	2	3	4	5	7	8	9	10	11	12	13	14	15	16	18	19	20	21	23	24	25	26	27	28	32	33	34	35	36	37	38	39	40	41	42	
772	1	7	12	13	16	18	19	24	25	27	34	35	38	41	
773	
774	1	2	3	4	5	7	8	9	11	12	13	16	18	22	23	24	25	26	27	32	33	34	37	38	39	40	42	
775	1	2	3	4	5	8	9	11	12	13	14	15	16	17	18	19	20	21	22	23	26	27	28	33	34	38	39	
776	1	3	5	9	11	12	13	14	15	16	17	19	21	22	24	26	27	35	38	39	41	
777	1	5	7	8	11	12	13	15	16	18	24	25	28	34	35	38	39	41	
778	
779	5	11	12	13	14	15	16	17	19	24	35	38	39	41	
780	1	16	17	19	24	39	
781	
782	
783	16	28	35	41	
784	1	2	4	5	7	8	9	10	11	12	13	14	15	16	17	19	20	21	22	23	24	26	27	32	33	37	38	39	40	42	
785	1	2	3	4	5	7	8	9	10	11	12	13	14	15	16	18	19	20	21	22	23	24	25	26	27	28	30	31	32	33	34	35	36	37	38	39	40	41	42	
786	1	7	9	11	12	16	24	35	37	40	42	
787	1	2	3	4	5	7	8	9	11	12	13	14	15	16	18	19	20	21	22	23	24	25	26	27	28	33	34	35	36	37	38	39	40	41	42	
788	1	2	4	5	8	9	11	12	13	15	16	22	23	24	26	38	39	41	42	
789	1	3	4	5	11	12	13	14	16	18	19	21	24	26	34	35	38	39	41	
790	1	5	7	8	9	11	12	13	15	16	18	24	25	27	28	34	35	37	38	39	40	41	
791	3	5	8	9	11	12	13	14	15	16	17	19	24	26	27	35	38	39	41	
792	
793	1	2	3	4	5	7	8	9	10	11	12	13	14	15	16	17	18	19	20	21	22	23	24	25	26	27	28	32	33	34	35	36	37	38	39	41	
794	1	2	3	4	5	7	8	9	10	11	12	13	14	15	16	17	18	19	20	21	22	23	24	25	26	27	28	29	31	32	33	34	36	37	38	39	40	41	42	
795	1	2	3	4	11	12	13	15	16	19	24	25	27	35	38	39	41	
796	
797	1	5	7	8	11	12	13	15	16	20	21	24	27	28	34	35	37	38	39	41	
798	
799	
800	1	3	4	5	7	9	10	11	12	13	14	15	16	17	19	21	23	24	25	26	27	32	33	35	37	38	39	41	42	
801	1	2	3	4	5	7	8	9	11	12	13	15	16	18	20	21	23	24	25	26	27	28	30	34	35	36	37	38	39	40	41	
802	1	2	3	4	5	7	8	9	11	12	13	14	15	16	17	18	19	21	22	23	24	25	26	27	32	33	34	35	38	39	40	41	42	
803	1	2	3	4	5	7	8	9	10	11	12	13	14	15	16	18	19	20	21	22	23	24	25	26	27	28	29	31	32	33	34	36	37	38	39	40	42	
804	1	2	4	12	16	19	22	26	42	
805	1	2	3	4	5	8	9	10	11	12	13	14	15	16	17	18	19	20	22	23	24	26	27	28	31	33	34	36	38	39	41	42	
806	
807	
808	
809	
810	35	41	
811	24	35	41	
812	1	2	4	5	7	8	9	10	11	12	13	14	15	16	18	19	20	21	22	23	24	25	26	27	28	31	32	33	34	35	36	37	38	39	40	41	42	
813	1	2	3	4	5	6	7	8	9	10	11	12	13	14	15	16	17	18	19	20	21	22	23	24	25	26	27	28	29	30	31	32	33	35	36	37	38	39	41	42	
814	
815	
816	1	2	7	8	9	10	11	13	16	18	19	24	25	27	28	29	30	32	33	34	35	38	39	41	42	
817	1	7	8	16	18	24	25	32	33	34	35	37	39	40	42	
818	12	14	16	17	19	39	
819	1	4	5	7	8	9	11	12	13	15	16	24	25	27	32	33	35	37	38	39	40	41	42	
820	1	2	3	4	5	7	8	9	11	12	13	14	15	16	17	18	19	20	21	23	24	25	26	27	28	33	34	35	36	38	39	41	
821	
822	1	2	3	4	5	6	7	8	9	10	11	12	13	14	15	16	17	18	19	21	22	23	24	25	26	27	28	29	30	31	32	33	36	37	38	39	40	41	42	
823	8	18	20	25	27	29	30	31	34	36	
824	1	3	4	5	6	11	12	13	14	15	16	17	19	21	23	26	33	38	39	
825	
826	35	
827	1	2	3	4	5	7	8	9	11	12	13	14	16	19	21	22	23	24	25	26	27	32	33	34	37	38	39	40	42	
828	1	2	3	4	5	7	8	9	10	11	12	13	14	15	16	18	19	20	21	22	23	24	25	26	27	28	29	30	31	32	33	34	35	36	37	38	39	40	41	42	
829	1	2	3	4	5	7	8	9	10	11	12	13	14	15	16	17	18	19	21	22	23	24	25	26	27	28	32	33	34	35	37	38	39	40	41	42	
830	1	2	3	4	5	7	9	10	11	12	13	14	15	16	17	19	20	21	22	23	24	25	26	27	28	32	33	37	38	39	41	42	
831	19	28	
832	
833	35	
834	1	2	3	4	9	11	12	13	14	16	19	22	23	26	32	33	38	39	42	
835	1	3	12	13	16	17	19	39	
836	1	3	4	5	7	8	9	10	11	12	13	15	16	18	19	21	24	25	26	27	28	33	34	35	36	37	38	39	41	
837	1	2	4	5	7	8	9	11	12	13	16	19	22	23	24	25	26	27	32	37	38	39	40	42	
838	1	2	3	4	5	8	9	11	12	13	14	15	16	17	18	19	20	21	22	23	24	26	27	31	32	33	34	38	39	41	42	
839	
840	1	2	3	4	5	7	8	9	11	12	13	15	16	19	21	24	25	26	27	32	33	35	38	39	40	41	42	
841	34	
842	1	2	3	4	5	7	8	9	10	11	12	13	14	15	16	17	18	19	20	21	22	23	24	25	26	27	28	30	31	33	34	35	36	37	38	39	41	
843	35	
844	1	2	3	4	5	7	8	9	10	11	12	13	14	15	16	17	18	19	20	21	22	23	24	25	26	27	28	29	30	31	32	33	34	35	36	37	38	39	40	41	42	
845	1	3	5	7	8	9	11	12	13	14	15	16	17	19	21	22	24	25	26	27	35	38	39	41	
846	1	2	7	9	12	16	24	32	39	40	42	
847	1	5	11	12	13	14	15	16	17	19	21	22	26	27	38	39	41	
848	1	2	3	4	5	7	8	9	10	11	12	13	14	15	16	18	19	20	21	22	23	24	25	26	27	28	30	31	32	33	34	35	36	37	38	39	40	41	42	
849	1	2	3	4	5	7	9	11	12	13	15	16	19	24	25	26	38	39	41	42	
850	1	3	4	5	8	9	11	12	13	14	15	16	17	19	21	22	24	25	26	27	35	38	39	41	
851	1	2	3	4	5	7	8	9	10	11	12	13	14	15	16	17	18	19	20	21	22	23	24	25	26	27	28	32	33	34	35	37	38	39	40	41	42	
852	6	
853	5	11	12	13	15	16	17	24	35	38	39	41	
854	1	2	3	4	5	7	8	9	10	11	12	13	14	15	16	17	19	21	22	23	24	25	26	27	32	33	37	38	39	40	41	42	
855	1	2	3	4	5	7	8	9	10	11	12	13	14	15	16	17	18	19	20	21	22	23	24	25	26	27	28	29	30	31	32	33	34	35	36	37	38	39	40	41	42	
856	16	24	35	41	
857	
858	1	2	3	4	5	7	8	9	11	12	13	15	16	19	21	23	24	25	26	27	32	34	35	38	39	40	41	42	
859	35	41	
860	17	19	
861	7	11	12	15	16	24	25	28	34	35	41	
862	12	15	16	24	25	35	41	
863	
864	
865	
866	
867	1	2	3	4	5	7	8	9	11	12	13	14	15	16	17	18	19	20	21	22	23	24	25	26	27	28	33	34	35	38	39	40	41	42	
868	1	3	4	5	7	8	9	11	12	13	14	15	16	18	19	21	24	25	26	27	32	33	34	35	37	38	39	40	41	
869	1	2	4	11	12	13	14	16	19	22	26	38	39	42	
870	
871	
872	
873	
874	24	35	
875	
876	
877	1	5	7	9	11	12	13	14	15	16	19	24	35	37	38	39	41	42	
878	7	11	12	15	16	24	25	34	35	39	40	41	
879	1	2	4	5	6	7	9	10	11	12	13	14	15	16	19	22	23	24	25	26	27	28	33	37	38	39	41	42	
880	1	3	5	7	8	9	11	12	13	15	16	21	24	25	26	27	32	34	35	38	39	40	41	
881	5	11	12	13	15	16	24	25	27	28	35	38	39	41	
882	1	3	5	7	9	11	12	13	14	15	16	19	21	24	25	26	27	33	35	38	39	41	42	
883	
884	1	5	7	11	12	13	15	16	24	35	38	39	41	
885	11	12	15	16	24	35	39	41	
886	
887	1	2	4	11	12	13	16	24	26	41	
888	
889	1	2	3	4	5	7	8	9	11	12	13	14	15	16	17	18	19	20	21	22	23	24	25	26	27	28	33	34	35	36	37	38	39	40	41	
890	41	
891	7	
892	
893	
894	1	2	4	5	7	8	9	11	12	13	15	16	18	23	24	25	27	28	34	35	36	37	38	39	40	41	42	
895	3	5	8	11	12	13	14	15	16	17	20	24	26	27	28	34	35	38	39	41	
896	1	2	4	5	7	8	9	11	12	13	15	16	18	23	24	25	26	27	32	33	34	35	37	38	39	40	41	42	
897	1	7	11	12	24	32	37	
898	1	2	4	5	7	9	11	12	13	14	15	16	19	22	23	24	26	37	38	39	41	42	
899	
900	
901	1	7	8	11	12	13	16	21	24	25	32	35	39	41	
902	7	16	24	25	35	41	
903	1	2	4	5	7	8	9	11	12	13	15	16	18	19	20	21	22	23	24	25	26	27	28	30	33	34	35	36	38	39	41	42	
904	1	2	3	4	5	7	8	9	10	11	12	13	14	15	16	17	18	19	20	21	22	23	24	25	26	27	28	30	31	33	34	35	36	37	38	39	41	
905	7	8	11	12	16	24	34	41	
906	1	2	3	4	5	7	8	9	11	12	13	15	16	18	19	20	23	24	25	26	27	28	34	35	36	37	38	39	40	41	
907	1	2	3	4	5	7	8	9	11	12	13	14	15	16	17	18	19	20	21	22	23	24	25	26	27	28	32	33	34	35	37	38	39	40	41	42	
908	1	2	3	4	5	7	8	9	10	11	12	13	14	15	16	18	19	20	21	22	23	24	25	26	27	28	32	33	34	35	36	37	38	39	40	41	42	
909	1	2	3	4	5	7	8	9	10	11	12	13	14	15	16	17	19	20	21	22	23	24	25	26	27	28	33	38	39	41	42	
910	1	5	9	11	12	13	14	15	17	19	21	22	26	32	38	39	42	
911	1	5	9	11	12	13	14	15	17	19	21	22	26	32	38	39	42	
912	1	2	3	4	5	7	8	9	10	11	12	13	14	15	16	17	18	19	20	21	22	23	24	25	26	27	28	31	32	33	34	35	36	37	38	39	40	41	42	
913	1	5	9	11	12	13	14	15	16	17	19	21	22	23	26	33	37	38	39	41	42	
914	1	3	5	7	8	9	11	12	13	14	15	16	18	19	21	24	25	26	27	32	33	34	35	38	39	41	
915	5	7	8	11	12	13	15	16	18	20	24	25	27	28	34	35	36	37	38	39	41	
916	7	24	
917	
918	9	11	13	19	42	
919	1	7	8	9	11	12	16	24	26	32	37	38	39	40	
920	1	3	5	7	11	12	14	15	16	20	24	27	32	34	35	37	38	39	40	41	
921	
922	41	
923	7	24	
924	1	2	3	4	5	7	8	9	10	11	12	13	14	15	16	17	18	19	20	21	22	23	24	25	26	27	28	31	32	33	34	35	36	37	38	39	41	
925	5	8	9	11	12	13	15	16	18	19	24	25	27	28	34	35	38	39	41	
926	
927	1	2	3	4	5	7	8	9	10	11	12	13	14	15	16	18	19	21	22	23	24	25	26	27	32	33	34	35	37	38	39	40	41	42	
928	1	2	3	4	5	8	9	11	12	13	14	15	16	17	19	21	22	23	24	25	26	27	28	34	35	38	39	41	
929	4	5	7	8	10	11	12	13	15	16	18	19	20	24	25	26	27	28	34	35	36	37	38	39	41	
930	24	
931	1	2	3	4	5	7	8	9	10	11	12	13	14	15	16	18	19	20	21	22	23	24	25	26	27	28	31	32	33	34	35	36	37	38	39	40	41	42	
932	
933	1	2	7	8	9	11	12	13	16	24	25	34	35	38	39	41	
934	
935	1	2	3	4	5	7	8	9	11	12	13	14	15	16	17	18	19	20	22	23	24	25	26	27	28	31	34	35	38	39	41	42	
936	
937	5	9	11	12	13	14	15	17	19	22	24	26	32	38	39	
938	
939	
940	5	11	12	13	15	16	24	25	35	38	39	41	
941	
942	
943	16	24	41	
944	35	41	
945	
946	
947	5	11	12	13	14	15	16	17	19	38	39	41	
948	1	2	4	7	9	11	13	16	24	25	33	39	42	
949	1	2	3	4	5	7	8	9	10	11	12	13	15	16	18	19	21	23	24	25	26	27	28	32	33	34	35	37	38	39	40	41	42	
950	2	7	8	9	16	18	25	28	30	33	34	35	36	41	42	
951	1	5	11	12	13	16	19	24	32	33	35	36	41	
952	
953	
954	1	2	3	4	5	7	9	10	11	12	13	14	15	16	17	19	21	22	23	24	25	26	27	28	32	33	35	38	39	41	42	
955	1	2	3	4	5	6	7	8	9	10	11	12	13	14	15	16	17	18	19	20	21	22	23	24	25	26	27	28	29	30	31	32	33	34	35	36	37	38	39	40	41	42	
956	1	3	5	7	8	9	11	12	13	14	15	16	17	18	19	24	25	26	32	34	35	38	39	41	
957	5	11	12	13	14	15	16	17	19	25	27	35	38	39	41	
958	
959	1	2	3	4	5	7	8	9	11	12	13	14	15	16	17	18	19	21	22	23	24	25	26	27	28	32	33	34	35	37	38	39	40	41	
960	1	5	9	11	12	13	14	15	17	19	21	22	26	32	38	39	42	
961	
962	1	7	11	12	13	15	16	24	25	34	35	38	39	41	
963	1	2	4	5	6	9	10	11	12	13	14	15	16	17	19	21	22	23	26	27	33	38	39	42	
964	1	2	4	12	16	24	26	42	
965	1	2	3	4	5	7	8	9	11	12	13	14	15	16	17	18	19	20	21	22	23	24	25	26	27	28	32	33	34	35	37	38	39	40	41	42	
966	7	24	
967	1	7	9	11	12	13	15	16	18	24	32	34	35	37	39	40	41	42	
968	
969	1	2	3	4	5	7	8	9	11	12	13	14	15	16	17	18	19	20	21	22	23	24	25	26	27	28	33	34	35	38	39	41	
970	1	5	7	11	12	13	15	16	24	25	35	38	39	41	
971	1	2	4	5	7	9	11	12	13	14	15	16	17	18	19	20	22	23	24	25	26	28	33	35	37	38	39	41	42	
972	
973	1	2	3	4	5	7	8	9	10	11	12	13	14	15	16	17	18	19	20	21	22	23	24	25	26	27	28	31	32	33	34	36	37	38	39	40	41	42	
974	1	3	4	5	7	8	9	11	12	13	14	15	16	18	19	21	23	24	25	26	27	28	33	34	35	38	39	41	
975	
976	
977	
978	1	2	3	4	5	7	8	9	10	11	12	13	14	15	16	17	18	19	20	21	22	23	24	25	26	27	28	30	31	32	33	34	35	36	37	38	39	40	41	42	
979	35	
980	11	12	13	15	16	24	39	
981	7	15	24	35	39	
982	1	2	3	4	5	7	8	9	10	11	12	13	14	15	16	18	19	20	21	22	23	24	25	26	27	28	29	30	31	32	33	34	35	36	37	38	39	40	41	42	
983	5	7	9	11	12	13	15	16	37	39	
984	
985	35	
986	
987	
988	1	26	32	42	
989	1	2	4	5	7	9	11	12	13	14	15	16	19	21	23	24	26	33	35	38	39	41	42	
990	1	2	3	4	5	7	8	9	11	12	13	15	16	18	19	21	22	23	24	25	26	27	28	33	34	35	37	38	39	40	41	42	
991	1	3	4	5	7	8	9	11	12	13	14	15	16	17	18	19	21	23	24	25	26	27	28	32	33	34	35	37	38	39	41	42	
992	24	35	
993	24	35	41	
994	1	2	4	5	6	7	9	10	11	12	13	14	15	16	17	19	20	21	22	23	25	26	27	28	33	38	39	41	42	
995	1	2	3	4	5	7	8	9	11	12	13	15	16	18	19	21	22	23	24	25	26	27	28	33	34	35	38	39	41	42	
996	1	5	7	8	9	11	12	13	14	15	16	17	19	21	24	32	33	37	38	39	
997	1	5	7	8	9	11	12	13	15	16	24	35	37	38	39	40	41	
998	16	24	35	41	
999	1	2	3	4	5	7	8	9	11	12	13	15	16	19	21	24	25	26	27	28	33	34	35	38	39	41	42	
1000	1	2	3	4	7	8	9	11	12	16	18	24	25	28	32	34	35	38	39	40	41	42	
1001	1	4	5	7	8	11	12	13	15	16	18	20	24	25	27	28	34	35	36	38	39	41	
1002	1	7	8	10	12	13	16	18	24	25	27	29	32	33	34	35	37	38	40	42	
1003	5	11	12	13	15	19	39	
1004	
1005	1	2	3	4	5	7	8	9	10	11	12	13	14	15	16	17	18	19	20	21	22	23	24	25	26	27	28	29	30	31	32	33	34	35	36	37	38	39	40	41	42	
1006	1	2	4	5	7	9	10	11	12	13	14	15	16	17	19	20	22	23	24	26	32	37	38	39	40	42	
1007	35	41	
1008	5	11	12	13	15	16	24	35	41	
1009	1	2	3	4	5	7	8	9	10	11	12	13	16	18	21	23	24	25	26	27	28	32	33	34	35	36	37	38	39	40	41	
1010	1	2	3	4	5	7	8	9	11	12	13	14	15	16	18	19	20	21	23	24	25	26	27	28	34	35	37	38	39	41	
1011	1	2	4	11	12	13	15	16	24	25	27	28	34	35	38	39	41	
1012	24	35	
1013	1	2	3	4	5	7	8	9	11	12	13	14	15	16	17	18	19	21	22	23	24	25	26	27	32	33	34	37	38	39	40	41	42	
1014	1	7	11	12	13	16	24	25	32	35	37	39	40	
1015	1	2	3	4	5	7	8	9	11	12	13	15	16	18	24	25	27	28	34	35	37	38	39	40	41	42	
1016	1	2	3	4	5	7	9	11	12	13	14	15	16	17	19	21	22	23	25	26	27	28	32	33	38	39	40	42	
1017	1	2	3	4	5	7	8	9	10	11	12	13	14	15	16	18	19	20	21	22	23	24	25	26	27	28	32	33	34	35	36	37	38	39	40	41	42	
1018	8	10	12	13	16	18	24	25	27	28	30	34	35	41	
1019	5	11	12	13	15	16	19	27	28	30	35	41	
1020	1	3	5	7	8	9	11	12	13	15	16	18	21	24	25	27	32	33	34	35	37	38	39	40	41	
1021	1	2	4	5	7	8	9	11	12	13	14	15	16	18	19	20	21	24	25	27	28	29	30	32	33	34	35	36	37	38	39	41	42	
1022	1	2	3	4	5	7	8	9	11	12	13	14	15	16	19	21	22	24	25	26	27	35	38	39	41	
1023	1	5	7	8	9	11	12	13	15	16	20	24	25	26	27	34	35	37	38	39	40	41	
1024	5	6	7	9	11	12	13	14	15	19	24	33	35	37	39	41	
1025	5	6	11	12	13	15	19	24	35	41	42	
1026	
1027	12	13	16	19	24	25	39	
1028	
1029	5	11	12	13	16	19	39	
1030	1	2	4	7	9	12	16	24	26	37	40	42	
1031	1	2	3	5	7	9	11	12	13	14	15	16	19	21	22	24	26	32	37	38	39	40	41	42	
1032	35	41	
1033	2	7	8	9	10	20	23	26	27	28	29	31	34	37	42	
1034	5	7	8	9	11	12	13	15	16	18	20	24	25	28	34	35	38	39	41	
1035	1	4	5	7	8	9	11	12	13	15	16	18	20	24	32	34	35	36	37	38	39	40	41	42	
1036	1	5	7	8	9	11	12	13	14	15	16	17	19	20	24	25	27	35	37	38	39	41	
1037	1	2	3	4	5	7	8	9	10	11	12	13	14	15	16	18	19	20	21	22	23	24	25	26	27	28	30	31	33	34	35	36	37	38	39	40	41	42	
1038	1	2	4	7	9	16	24	25	28	34	40	42	
1039	1	2	3	4	5	7	8	9	10	11	12	13	14	15	16	17	18	19	20	21	22	23	24	25	26	27	28	31	33	34	36	37	38	39	40	41	42	
1040	2	9	15	20	22	
1041	1	2	3	4	5	7	8	9	10	11	12	13	14	15	16	17	18	19	20	21	22	23	24	25	26	27	28	30	31	33	34	35	36	37	38	39	41	
1042	
1043	1	5	7	8	11	12	13	15	16	18	24	25	28	34	35	38	39	41	
1044	11	12	16	24	39	41	
1045	1	4	5	7	8	9	10	11	12	13	14	15	16	17	18	19	21	22	23	24	25	26	27	32	33	35	37	38	39	41	42	
1046	1	2	3	4	5	7	8	9	11	12	13	14	15	16	17	18	19	21	22	23	24	25	26	27	28	32	33	34	35	37	38	39	41	
1047	1	2	3	4	5	7	8	9	11	12	13	14	15	16	17	18	19	20	21	22	23	24	25	26	27	28	32	33	34	35	37	38	39	41	
1048	1	2	3	4	5	6	7	8	9	10	11	12	13	14	15	16	17	18	19	20	21	22	23	24	25	26	27	28	29	30	32	33	34	35	36	37	38	39	40	41	42	
1049	1	2	3	4	5	7	8	9	11	12	13	14	15	16	17	18	19	20	21	22	23	24	25	26	27	28	32	33	34	35	38	39	40	41	
1050	
1051	4	5	8	9	11	12	13	14	15	16	19	24	26	27	28	34	35	38	39	41	
1052	
1053	1	2	3	4	5	7	8	9	10	11	12	13	14	15	16	17	18	19	20	21	22	23	24	25	26	27	28	29	30	31	32	33	34	35	36	37	38	39	40	41	42	
1054	5	8	11	12	13	15	16	24	25	26	27	34	35	38	39	41	
1055	
1056	
1057	1	3	5	8	9	11	12	13	14	15	16	19	21	24	25	26	27	35	38	39	41	
1058	1	3	4	5	7	8	9	11	12	13	14	15	16	18	19	20	24	25	26	27	28	33	34	35	36	37	38	39	40	41	
1059	1	4	5	8	9	10	11	12	13	14	15	16	19	23	24	25	26	27	35	37	38	39	41	
1060	1	2	3	4	5	8	9	10	11	12	13	14	15	16	17	18	19	20	21	22	23	26	27	31	32	33	34	36	38	39	41	42	
1061	
1062	1	2	3	4	5	7	8	11	12	13	14	15	16	17	18	19	21	22	24	25	26	27	33	34	38	39	41	
1063	1	2	3	4	5	7	8	9	11	12	13	14	15	16	18	19	20	21	22	23	24	25	26	27	28	33	34	35	36	37	38	39	40	41	42	
1064	
1065	
1066	1	12	13	16	19	26	38	39	
1067	8	29	30	34	35	41	
1068	1	7	12	13	16	24	25	35	37	41	
1069	1	2	3	4	5	7	8	9	11	12	13	14	15	16	17	18	19	21	22	23	24	25	26	27	28	32	33	34	35	38	39	41	
1070	1	5	11	12	13	14	15	21	26	32	38	39	
1071	1	2	3	4	5	7	8	9	10	11	12	13	14	15	16	17	18	19	20	21	22	23	24	25	26	27	28	29	30	31	32	33	34	35	36	37	38	39	40	41	42	
1072	5	11	12	13	14	15	17	19	39	
1073	
1074	
1075	
1076	1	7	8	9	11	12	16	24	32	34	35	37	40	42	
1077	11	12	13	19	26	39	41	
1078	1	7	8	9	11	12	16	24	32	37	39	40	42	
1079	1	12	16	
1080	
1081	1	2	3	4	5	7	9	11	12	13	15	16	18	19	21	23	24	25	26	27	28	33	35	38	39	41	42	
1082	1	2	4	7	8	10	11	12	13	16	18	19	23	24	26	27	28	29	33	34	36	37	38	40	42	
1083	2	3	11	12	15	16	24	25	35	39	41	
1084	1	2	3	4	5	8	9	11	12	13	14	15	16	17	18	19	20	21	22	23	24	25	26	27	28	33	34	35	38	39	41	
1085	6	35	
1086	1	2	3	4	5	7	8	9	10	11	12	13	14	15	16	17	18	19	20	21	22	23	24	25	26	27	28	32	33	34	35	37	38	39	41	42	
1087	1	7	11	12	13	15	16	24	25	34	35	39	41	
1088	
1089	1	2	3	4	5	7	8	9	11	12	13	14	15	16	18	19	21	22	23	24	25	26	27	28	32	33	34	35	37	38	39	40	41	42	
1090	1	3	4	5	7	8	9	11	12	13	14	15	16	17	19	21	24	25	26	27	32	34	35	37	38	39	41	
1091	
1092	2	16	24	28	
1093	
1094	1	2	4	7	9	12	13	16	24	25	32	33	37	40	42	
1095	
1096	1	2	3	4	5	7	8	9	11	12	13	15	16	18	19	20	21	22	23	24	25	26	27	28	32	33	34	35	36	38	39	40	41	42	
1097	1	2	3	4	5	7	8	9	11	12	13	15	16	18	19	21	22	23	24	25	26	27	32	33	34	35	37	38	39	40	41	42	
1098	
1099	5	11	12	13	16	24	35	39	41	
1100	1	2	3	4	5	8	9	11	12	13	14	15	16	18	19	21	22	23	24	25	26	27	28	34	35	38	39	41	
1101	
1102	8	12	15	16	24	25	34	35	39	41	
1103	
1104	8	16	18	20	28	34	36	
1105	3	5	11	12	13	14	15	16	17	19	21	24	25	27	35	38	39	41	
1106	1	2	4	8	9	11	12	13	16	23	24	25	26	27	28	34	36	37	38	41	42	
1107	1	2	3	4	5	7	8	9	10	11	12	13	14	15	16	17	18	19	20	21	22	23	24	25	26	27	28	32	33	34	36	38	39	40	41	42	
1108	1	3	5	11	12	13	14	15	16	19	26	38	39	41	
1109	6	7	13	19	33	42	
1110	1	2	3	4	5	7	8	9	10	11	12	13	14	15	16	17	18	19	20	21	22	23	24	25	26	27	28	32	33	34	35	36	37	38	39	40	41	42	
1111	
1112	1	5	11	12	13	14	15	17	19	39	
1113	1	6	7	9	11	13	24	32	33	42	
1114	1	3	12	14	17	19	22	26	32	39	
1115	24	35	41	
1116	2	4	7	8	9	10	11	12	13	15	16	18	20	23	24	25	26	27	28	29	30	31	33	34	35	36	37	38	39	40	41	42	
1117	1	2	3	4	5	8	9	11	12	13	15	16	19	24	25	28	34	35	38	39	41	
1118	1	2	3	4	5	7	9	11	12	13	14	15	16	19	21	22	23	24	26	32	33	38	39	42	
1119	1	5	11	12	13	14	15	16	17	19	21	24	25	27	35	38	39	41	
1120	
1121	1	5	7	8	9	11	12	13	15	16	18	24	25	26	27	28	33	34	35	38	39	41	
1122	
1123	1	4	5	7	8	9	11	12	13	15	16	18	19	24	25	27	28	33	34	35	37	38	39	41	
1124	
1125	
1126	1	2	3	4	5	7	8	9	11	12	13	14	15	16	17	18	19	20	21	22	23	24	25	26	27	28	32	33	34	35	38	39	40	41	42	
1127	1	2	3	4	5	9	11	12	13	14	15	16	17	19	21	22	23	24	25	26	27	28	33	35	38	39	41	42	
1128	1	2	4	5	6	7	9	10	11	12	13	14	15	16	19	21	22	23	24	26	27	28	32	33	37	38	39	41	42	
1129	1	7	24	32	37	40	
1130	
1131	1	2	3	4	5	7	8	9	11	12	13	14	16	17	19	21	22	24	25	26	27	32	33	38	39	40	42	
1132	
1133	24	28	34	35	41	
1134	1	2	3	4	5	7	8	9	10	11	12	13	14	15	16	18	19	20	21	22	23	24	25	26	27	28	30	31	32	33	34	35	36	37	38	39	40	41	42	
1135	
1136	1	7	15	24	32	35	37	40	
1137	1	2	4	5	7	8	9	11	12	13	14	15	16	17	18	19	20	22	26	38	39	42	
1138	1	4	5	7	8	9	10	11	12	13	16	18	24	26	27	32	33	34	36	37	38	42	
1139	
1140	7	24	35	37	
1141	
1142	1	2	3	4	5	7	8	9	10	11	12	13	15	16	18	19	21	23	24	25	26	27	28	32	33	34	35	36	37	38	39	40	41	42	
1143	1	4	5	7	8	9	11	12	13	15	16	24	25	26	27	32	34	35	37	38	39	40	41	
1144	2	4	9	10	13	20	22	23	26	28	31	37	42	
1145	
1146	
1147	5	11	12	14	17	
1148	
1149	6	42	
1150	1	3	5	7	11	12	13	15	16	17	19	24	25	34	35	38	39	41	
1151	1	2	3	4	5	7	8	9	10	11	12	13	14	15	16	17	18	19	20	21	22	23	24	25	26	27	28	29	31	32	33	34	35	36	37	38	39	40	41	42	
1152	15	35	41	
1153	1	2	4	7	8	9	10	11	12	13	16	18	19	23	24	25	26	27	28	29	32	33	34	36	37	38	39	40	42	
1154	2	6	7	8	9	11	13	16	18	24	25	27	28	29	30	32	33	34	35	36	39	41	42	
1155	1	2	3	4	5	7	8	9	10	11	12	13	14	15	16	18	19	20	21	22	23	24	25	26	27	28	32	33	34	35	36	37	38	39	40	41	42	
1156	1	2	3	4	5	7	8	9	11	12	13	14	15	16	17	18	19	21	22	23	24	25	26	27	28	32	33	34	35	37	38	39	41	
1157	
1158	24	28	41	
1159	1	2	3	4	5	9	11	12	13	14	16	19	22	23	24	26	27	32	38	39	42	
1160	
1161	5	11	12	26	38	39	
1162	1	5	9	11	12	13	14	15	16	19	24	32	35	38	39	41	42	
1163	1	2	4	5	7	9	11	12	13	14	15	16	17	19	22	23	24	26	32	33	37	38	39	40	42	
1164	1	2	3	4	8	9	11	12	14	16	19	22	23	26	32	39	40	42	
1165	5	11	12	13	15	16	24	28	34	35	38	39	41	
1166	4	5	8	11	12	13	14	15	16	18	19	20	23	24	25	26	27	28	30	31	34	35	36	38	39	41	
1167	5	11	12	15	16	24	35	39	41	
1168	1	3	5	7	8	9	11	12	13	14	15	16	17	18	19	21	22	24	25	26	27	37	38	39	41	
1169	1	2	3	7	9	11	12	13	16	24	25	32	35	38	39	40	41	
1170	7	24	35	
1171	24	35	
1172	
1173	5	11	12	13	15	16	17	19	39	41	
1174	1	2	4	5	7	8	9	11	12	13	15	16	18	23	24	25	26	27	28	34	37	38	39	40	41	42	
1175	42	
1176	1	2	3	4	5	7	8	9	10	11	12	13	14	15	16	17	18	19	20	21	22	23	24	25	26	27	28	31	32	33	34	35	36	37	38	39	40	41	42	
1177	1	12	16	19	24	39	
1178	1	2	4	5	7	9	10	11	12	13	14	15	16	17	18	19	20	21	22	23	25	26	27	28	31	33	36	37	38	39	41	42	
1179	
1180	1	2	3	4	5	7	8	9	11	12	13	16	21	23	24	25	26	27	32	33	34	35	37	38	39	40	42	
1181	5	11	12	13	41	
1182	
1183	1	2	3	4	5	7	8	9	10	11	12	13	14	15	16	17	18	19	20	21	22	23	24	25	26	27	28	29	30	31	32	33	34	35	36	37	38	39	40	41	42	
1184	6	9	28	
1185	1	3	5	7	11	12	13	15	16	17	18	19	21	24	25	27	28	34	35	38	39	41	
1186	1	2	3	4	5	7	8	9	10	11	12	13	15	16	18	19	21	23	24	25	26	27	28	32	33	34	35	36	37	38	39	40	41	42	
1187	1	5	7	8	9	11	12	13	14	15	16	19	21	24	25	26	27	33	35	37	38	39	41	
1188	1	2	4	5	6	7	8	9	10	11	12	13	14	15	18	19	20	22	23	26	27	29	30	31	32	33	34	36	37	38	39	40	42	
1189	1	2	3	4	5	7	8	9	10	11	12	13	14	15	16	17	18	19	20	21	22	23	24	25	26	27	28	33	34	35	37	38	39	41	
1190	1	3	4	5	7	8	9	11	12	13	14	15	16	17	19	21	24	25	26	27	32	33	35	37	38	39	41	42	
1191	1	5	7	8	9	11	12	13	15	16	18	24	25	28	34	35	37	38	39	40	41	
1192	
1193	1	2	3	4	5	7	8	9	10	11	12	13	14	15	16	17	18	19	20	21	22	23	24	25	26	27	28	31	33	34	35	36	37	38	39	40	41	42	
1194	1	4	7	11	12	13	16	24	41	
1195	1	2	3	4	5	9	11	12	13	14	15	16	19	21	22	23	24	25	26	27	28	38	39	41	
1196	3	5	11	12	13	14	15	16	17	19	21	24	25	26	27	35	38	39	41	
1197	
1198	
1199	
1200	
1201	7	8	9	11	12	15	16	18	34	35	37	38	39	
1202	7	8	9	11	12	13	16	18	24	25	27	28	34	35	36	37	40	41	
1203	
1204	
1205	13	35	
1206	11	12	13	15	16	17	19	24	39	42	
1207	
1208	1	2	3	4	5	7	8	9	11	12	13	14	15	16	17	18	19	20	21	22	23	24	25	26	27	33	34	35	37	38	39	40	41	
1209	
1210	
1211	
1212	1	2	3	4	5	7	8	9	10	11	12	13	14	16	19	21	22	23	25	26	27	32	33	38	39	42	
1213	
1214	19	
1215	11	24	35	
1216	1	2	3	4	5	6	7	8	9	10	11	12	13	14	15	16	17	18	19	20	21	22	23	24	25	26	27	28	32	33	35	37	38	39	40	41	42	
1217	5	11	12	13	15	16	20	38	39	
1218	1	2	3	4	5	7	8	9	11	12	13	14	15	16	17	18	19	21	22	23	24	25	26	27	28	32	33	34	35	38	39	41	
1219	
1220	1	2	3	4	5	7	8	9	10	11	12	13	14	15	16	18	19	21	22	23	24	25	26	27	29	32	33	34	35	36	37	38	39	40	41	42	
1221	1	2	3	4	7	9	11	12	13	14	16	19	22	24	26	32	33	38	39	40	42	
1222	35	41	
1223	7	24	
1224	1	3	4	5	7	8	9	11	12	13	15	16	18	19	20	24	25	27	28	34	35	37	38	39	40	41	
1225	
1226	5	9	11	12	13	14	15	16	17	19	24	35	39	
1227	16	24	35	41	42	
1228	1	2	3	4	5	7	8	9	11	12	13	14	15	16	17	18	19	21	22	23	24	25	26	27	32	33	34	35	38	39	40	41	42	
1229	1	2	3	4	5	7	8	9	11	12	13	14	15	16	18	19	20	21	22	23	24	25	26	27	28	32	33	34	35	36	37	38	39	40	41	42	
1230	
1231	1	2	4	7	8	9	11	12	13	16	22	23	26	32	37	40	42	
1232	1	2	3	4	5	7	9	10	11	12	13	14	15	16	17	19	20	21	22	23	24	25	26	27	29	32	33	34	35	37	38	39	40	42	
1233	
1234	6	7	11	15	18	20	30	31	34	35	36	
1235	
1236	1	2	3	4	5	6	7	8	9	10	11	12	13	14	15	16	17	18	19	21	22	23	24	25	26	27	28	29	32	33	36	37	38	39	40	41	42	
1237	5	11	12	13	14	15	16	19	24	25	27	28	35	38	39	41	
1238	1	2	3	4	5	7	8	9	10	11	12	13	14	15	16	18	19	20	21	22	23	24	25	26	27	28	29	30	31	32	33	34	35	36	37	38	39	40	41	42	
1239	7	24	25	35	
1240	1	12	19	22	26	32	42	
1241	1	11	12	13	16	19	24	25	27	38	39	41	
1242	
1243	5	8	11	12	13	15	16	18	20	27	28	34	36	38	41	
1244	1	5	8	11	12	13	15	16	18	19	24	25	28	34	35	38	39	41	
1245	24	
1246	
1247	1	2	3	4	5	7	8	9	10	11	12	13	14	15	16	17	18	19	20	21	22	23	24	25	26	27	28	29	30	31	32	33	34	35	36	37	38	39	40	41	42	
1248	5	11	12	13	14	15	16	17	19	24	26	35	38	39	41	
1249	1	2	3	4	5	7	8	9	11	12	13	14	15	16	17	18	19	20	21	22	23	24	25	26	27	28	33	34	35	38	39	40	41	42	
1250	1	2	3	4	5	7	8	9	10	11	12	13	14	15	16	17	18	19	20	21	22	23	24	25	26	27	28	32	33	34	35	37	38	39	40	41	42	
1251	1	2	3	4	5	7	8	9	10	11	12	13	14	15	16	17	18	19	20	21	22	23	24	25	26	27	28	30	31	33	34	35	36	37	38	39	41	42	
1252	
1253	1	2	4	5	6	7	8	9	11	12	13	15	16	18	19	23	24	25	26	27	28	30	33	35	36	38	39	41	42	
1254	1	3	4	5	7	8	9	10	11	12	13	14	15	16	17	18	19	20	21	22	23	24	26	27	31	32	33	34	37	38	39	41	42	
1255	7	9	24	35	37	41	42	
1256	
1257	24	
1258	1	7	11	12	15	16	24	34	35	39	41	
1259	
1260	
1261	1	2	3	4	5	7	8	9	10	11	12	13	14	15	16	18	19	20	21	22	23	24	25	26	27	28	29	30	31	32	33	34	35	36	37	38	39	40	41	42	
1262	1	3	5	7	8	9	11	12	13	15	16	21	24	25	35	37	38	39	40	41	
1263	1	2	3	4	5	7	8	9	11	12	13	15	16	18	19	21	24	25	27	28	33	35	38	39	41	42	
1264	1	2	3	4	5	7	8	9	10	11	12	13	14	15	16	17	18	19	20	21	22	23	24	25	26	27	28	29	30	31	32	33	34	35	36	37	38	39	40	41	42	
1265	16	24	35	41	
1266	15	
1267	4	5	8	11	12	13	15	16	18	19	20	24	25	27	28	34	35	38	39	41	
1268	1	2	3	4	5	7	8	9	10	11	12	13	14	15	16	17	18	19	20	21	22	23	24	25	26	27	28	29	31	32	33	34	36	37	38	39	40	41	42	
1269	
1270	
1271	
1272	
1273	
1274	1	2	3	4	5	9	11	12	13	14	15	16	17	19	21	22	23	25	26	27	38	39	41	42	
1275	5	11	12	13	15	16	17	39	41	
1276	7	12	16	24	25	35	41	
1277	24	
1278	1	4	7	8	11	12	15	16	18	20	24	25	28	34	35	39	41	
1279	1	5	10	11	12	13	14	16	19	26	27	38	39	
1280	1	3	5	7	8	9	11	12	13	14	15	16	17	19	21	24	25	26	27	32	33	35	37	38	39	41	
1281	
1282	1	2	3	4	5	7	8	9	10	11	12	13	14	15	16	18	19	20	21	22	23	24	25	26	27	28	30	31	32	33	34	35	36	37	38	39	40	41	42	
1283	1	3	4	5	7	8	9	10	11	12	13	14	15	16	17	18	19	20	21	22	23	24	26	27	32	33	34	35	37	38	39	40	41	
1284	1	2	3	4	5	7	8	9	10	11	12	13	14	15	16	17	18	19	20	21	22	23	24	25	26	27	28	32	33	34	35	37	38	39	41	
1285	1	2	3	4	5	7	8	9	10	11	12	13	14	15	16	18	19	21	22	23	24	25	26	27	28	32	33	34	35	36	37	38	39	40	41	42	
1286	11	12	13	16	19	39	
1287	1	2	3	4	5	7	8	9	11	12	13	14	15	16	17	19	21	22	23	24	25	26	27	32	33	35	37	38	39	41	
1288	
1289	
1290	
1291	
1292	1	7	18	24	35	42	
1293	
1294	
1295	
1296	12	16	24	35	39	
1297	
1298	1	2	3	4	5	7	8	9	10	11	12	13	14	15	16	17	18	19	20	21	22	23	24	25	26	27	28	30	31	33	34	35	36	37	38	39	40	41	
1299	1	2	4	7	8	9	11	12	13	15	16	24	25	32	34	35	37	38	39	40	41	42	
1300	
1301	35	
1302	
1303	
1304	8	9	11	12	13	16	19	25	33	38	39	41	42	
1305	35	41	
1306	1	2	3	4	5	7	8	9	10	11	12	13	14	15	16	17	18	19	20	21	22	23	24	25	26	27	28	32	33	34	35	37	38	39	40	41	42	
1307	1	2	3	4	5	7	8	9	11	12	13	15	16	23	24	25	26	27	28	34	35	37	38	39	40	41	42	
1308	16	24	
1309	
1310	16	24	32	33	35	41	
1311	1	2	3	4	5	7	9	10	11	12	13	14	15	16	19	21	22	23	24	25	26	27	32	33	35	37	38	39	40	41	42	
1312	42	
1313	
1314	1	2	3	4	5	7	8	9	10	11	12	13	14	16	18	19	21	22	23	24	25	26	27	28	29	32	33	34	36	37	38	39	40	41	42	
1315	1	3	4	5	8	9	10	11	12	13	14	15	16	17	19	21	22	23	24	26	27	32	33	37	38	39	41	42	
1316	1	2	3	4	5	7	8	9	10	11	12	13	14	15	16	17	18	19	21	22	23	24	25	26	27	28	32	33	34	35	38	39	40	41	42	
1317	1	2	3	4	5	6	7	8	9	10	11	12	13	14	15	16	17	18	19	20	21	22	23	24	25	26	27	28	29	32	33	35	37	38	39	40	41	42	
1318	2	4	7	9	15	16	28	37	42	
1319	7	24	35	
1320	7	24	35	41	
1321	1	3	4	5	7	8	9	10	11	12	13	14	15	16	17	18	19	20	21	22	23	24	25	26	27	28	32	33	34	35	37	38	39	40	41	42	
1322	1	5	7	8	10	11	12	13	14	15	16	17	18	19	20	21	24	25	27	28	29	30	32	33	34	35	37	38	39	40	41	
1323	1	3	5	11	12	13	14	15	16	17	19	21	22	26	27	38	39	41	
1324	1	2	3	4	5	6	7	8	9	11	12	13	14	15	16	17	18	19	21	22	23	24	25	26	27	28	32	33	34	35	36	37	38	39	40	41	42	
1325	1	5	7	11	12	13	15	16	24	35	38	39	41	
1326	4	5	8	9	11	12	13	15	16	19	24	25	26	27	28	34	35	38	39	41	
1327	1	2	4	5	7	8	9	10	11	12	13	15	16	18	19	21	23	24	25	26	27	32	33	34	35	36	37	38	39	40	41	42	
1328	
1329	1	3	5	7	8	9	11	12	13	14	15	16	17	19	24	25	34	35	38	39	41	
1330	1	3	5	7	9	11	12	13	14	15	16	19	21	24	33	38	39	41	
1331	1	2	3	4	5	7	8	9	10	11	12	13	14	15	16	17	18	19	21	22	23	24	25	26	27	28	32	33	37	38	39	40	41	42	
1332	1	3	5	11	12	13	14	15	16	19	21	26	38	39	42	
1333	24	
1334	2	4	12	16	24	26	39	
1335	1	3	5	7	11	12	13	14	15	16	17	19	20	22	24	32	34	37	38	39	40	
1336	12	16	24	25	35	41	
1337	7	13	18	24	35	37	41	
1338	3	5	11	12	13	14	15	16	17	19	21	22	24	25	27	35	38	39	41	
1339	3	5	11	12	13	14	15	16	17	19	21	24	25	27	35	38	39	41	
1340	1	2	4	5	7	8	9	10	11	12	13	16	18	23	24	26	27	32	33	34	36	37	38	39	40	41	42	
1341	
1342	1	5	7	8	11	12	13	15	16	18	24	25	27	28	34	35	38	39	41	
1343	
1344	11	
1345	
1346	
1347	1	2	3	4	5	7	8	9	11	12	13	14	15	16	17	18	19	21	22	23	24	25	26	27	28	31	32	33	34	35	37	38	39	40	41	42	
1348	
1349	1	2	3	4	5	7	8	9	11	12	13	14	16	17	19	21	22	24	25	26	32	33	35	37	38	39	40	42	
1350	1	2	3	4	5	7	8	9	10	11	12	13	14	15	16	17	18	19	20	21	22	23	24	25	26	27	28	29	30	31	32	33	34	35	36	37	38	39	40	41	42	
1351	1	2	3	4	5	7	8	9	10	11	12	13	14	16	18	19	21	22	23	26	27	32	33	38	39	42	
1352	1	2	3	4	5	7	8	9	10	11	12	13	14	15	16	17	18	19	20	21	22	23	24	25	26	27	28	30	31	32	33	34	35	36	37	38	39	40	41	42	
1353	1	2	3	4	5	8	9	11	12	13	14	15	16	17	19	21	22	23	25	26	27	28	38	39	41	
1354	1	2	4	5	7	8	9	11	12	13	15	16	19	22	23	24	25	26	27	28	33	34	37	38	39	40	41	42	
1355	
1356	1	2	3	4	5	7	8	9	10	11	12	13	14	15	16	17	19	21	22	23	24	25	26	27	28	33	34	38	39	41	42	
1357	1	2	3	4	5	7	8	9	10	11	12	13	14	15	16	17	18	19	20	21	22	23	24	25	26	27	28	31	32	33	34	35	36	37	38	39	40	41	42	
1358	35	41	
1359	1	2	3	4	5	7	8	9	10	11	12	13	14	15	16	17	18	19	21	22	23	24	25	26	27	32	33	35	37	38	39	40	41	42	
1360	
1361	1	5	11	12	13	14	15	19	24	32	35	39	41	
1362	1	2	3	4	5	7	8	9	11	12	13	15	16	19	24	25	27	32	34	35	38	39	41	
1363	1	5	7	11	12	13	15	16	18	19	24	25	27	28	35	37	39	41	
1364	
1365	
1366	1	13	19	42	
1367	
1368	
1369	2	4	8	9	23	28	41	42	
1370	1	17	32	
1371	
1372	
1373	1	2	3	4	5	7	8	9	10	11	12	13	14	15	16	18	19	21	22	23	24	25	26	27	28	32	33	34	35	37	38	39	40	41	42	
1374	
1375	2	4	8	16	18	20	24	25	28	31	34	36	
1376	2	4	9	16	24	
1377	
1378	1	2	3	4	5	7	9	10	11	12	13	14	15	16	17	19	21	22	23	24	25	26	27	32	33	35	37	38	39	41	42	
1379	1	2	3	4	5	7	8	9	11	12	13	14	15	16	17	18	19	21	22	23	24	25	26	27	28	32	33	34	35	38	39	40	41	42	
1380	1	2	3	4	5	8	9	11	12	13	14	16	19	21	22	23	24	25	26	27	38	39	41	42	
1381	3	5	9	11	12	13	14	15	16	17	19	21	24	25	27	35	38	39	41	
1382	24	
1383	1	2	3	4	5	7	8	9	11	12	13	15	16	18	21	23	24	25	26	27	28	32	33	34	35	37	38	39	40	41	42	
1384	1	2	3	4	5	7	8	9	10	11	12	13	14	15	16	17	18	19	20	21	22	23	24	25	26	27	28	29	30	31	32	33	34	35	36	37	38	39	40	41	
1385	1	7	42	
1386	
1387	1	2	3	4	5	7	8	9	11	12	13	15	16	18	19	21	23	24	25	26	27	28	32	33	34	35	37	38	39	40	41	42	
1388	16	24	35	41	
1389	1	5	7	8	9	11	12	13	15	16	24	26	37	38	39	41	
1390	
1391	1	2	3	4	5	7	8	9	11	12	13	15	16	18	19	23	24	25	26	27	28	34	35	38	39	40	41	42	
1392	1	3	7	11	12	13	16	19	24	32	35	39	40	42	
1393	
1394	
1395	
1396	5	11	12	13	15	16	24	26	37	39	41	
1397	35	
1398	2	4	9	16	18	24	25	28	42	
1399	1	2	4	5	7	8	9	11	12	13	15	16	18	21	24	25	27	32	33	34	35	36	37	38	39	40	41	42	
1400	16	24	25	28	34	35	41	
1401	
1402	
1403	16	35	41	
1404	1	2	3	4	5	7	8	9	10	11	12	13	14	15	16	17	18	19	20	21	22	23	24	25	26	27	28	30	31	33	34	35	36	37	38	39	40	41	42	
1405	1	2	3	4	5	7	8	9	10	11	12	13	14	15	16	17	18	19	20	21	22	23	24	25	26	27	28	32	33	35	37	38	39	40	41	42	
1406	37	
1407	15	17	
1408	
1409	
1410	13	15	17	19	42	
1411	1	2	4	5	7	8	9	11	12	13	15	16	18	19	20	21	22	23	24	25	26	27	28	29	32	33	34	35	36	37	38	39	40	41	42	
1412	
1413	5	11	12	13	15	16	24	35	38	39	41	
1414	
1415	1	2	3	4	5	7	8	9	10	11	12	13	14	15	16	17	18	19	20	21	22	23	24	25	26	27	28	29	30	31	32	33	34	35	36	37	38	39	40	41	42	
1416	12	16	24	39	41	
1417	11	12	15	16	24	25	28	34	35	39	41	
1418	1	2	3	4	5	7	9	11	12	13	14	15	16	17	19	21	22	23	24	26	32	33	37	38	39	40	42	
1419	1	2	3	4	5	7	8	9	11	12	13	15	16	18	19	21	22	23	24	25	26	27	28	34	35	37	38	39	40	41	42	
1420	3	5	11	12	13	14	15	16	19	21	24	25	26	27	35	38	39	41	
1421	1	2	4	5	7	8	9	10	11	12	13	15	16	18	19	23	24	25	26	27	28	33	34	35	36	37	38	39	40	41	42	
1422	1	2	4	5	7	8	9	10	11	12	13	15	16	18	19	23	24	25	26	27	28	33	34	35	36	37	38	39	40	41	42	
1423	1	3	5	8	11	12	13	14	15	16	17	19	21	22	25	26	27	35	38	39	41	
1424	1	3	5	8	11	12	13	14	15	16	17	19	20	21	22	25	26	27	35	38	39	41	
1425	5	11	12	13	14	15	16	18	19	21	24	25	27	28	34	35	38	39	41	
1426	1	4	7	9	13	16	24	35	37	42	
1427	1	2	3	4	5	7	8	9	11	12	13	14	16	19	21	22	23	24	25	26	27	32	33	37	38	39	40	42	
1428	1	2	3	11	12	13	16	17	19	22	26	38	39	
1429	1	7	16	24	35	
1430	
1431	
1432	1	2	3	4	5	8	9	10	11	12	13	14	15	16	17	18	19	20	21	22	23	24	25	26	27	28	33	34	35	38	39	41	
1433	3	5	9	11	12	13	15	16	17	24	35	38	39	41	
1434	1	2	3	4	5	8	9	11	12	13	14	15	16	17	19	21	22	24	25	26	27	28	34	35	38	39	41	
1435	1	2	3	4	5	6	7	9	10	11	12	13	14	15	16	17	18	19	21	22	23	25	26	27	28	30	32	33	35	36	38	39	41	42	
1436	17	19	
1437	1	11	12	42	
1438	1	2	4	7	8	9	12	13	16	23	24	25	27	28	34	35	38	39	40	41	42	
1439	1	2	3	4	5	7	8	9	10	11	12	13	14	15	16	17	19	20	21	22	23	24	26	27	32	33	35	37	38	39	40	41	42	
1440	1	2	3	4	5	6	7	8	9	10	11	12	13	14	15	16	18	19	21	23	24	25	26	27	28	29	30	31	32	33	34	35	36	38	39	41	42	
1441	5	11	12	13	15	16	24	25	34	35	39	41	
1442	1	2	3	4	5	7	8	9	11	12	13	14	15	16	18	19	20	21	22	23	24	25	26	27	28	32	33	34	35	36	37	38	39	40	41	42	
1443	11	12	13	14	15	17	19	35	39	41	
1444	1	2	3	4	5	7	8	9	10	11	12	13	14	15	16	17	18	19	21	22	23	24	25	26	27	28	32	33	34	35	37	38	39	40	41	42	
1445	1	5	11	12	15	16	24	39	41	42	
1446	7	24	35	41	
1447	16	24	
1448	1	3	5	7	9	11	12	13	14	15	16	17	19	21	24	25	27	35	38	39	41	
1449	24	
1450	1	2	3	4	5	7	8	9	11	12	13	14	15	16	18	19	21	22	23	24	25	26	27	28	32	33	34	38	39	40	41	42	
1451	
1452	
1453	1	2	4	5	7	8	9	10	11	12	13	15	16	18	19	20	23	24	25	26	27	28	30	31	33	34	35	36	37	38	39	40	41	42	
1454	
1455	1	2	3	4	5	11	12	13	15	16	19	22	24	25	26	27	28	38	39	41	
1456	
1457	1	2	3	4	5	7	8	9	10	11	12	13	14	15	16	17	18	19	20	21	22	23	24	25	26	27	28	32	33	34	35	37	38	39	40	41	42	
1458	
1459	1	2	3	4	5	7	8	9	10	11	12	13	14	15	16	17	18	19	20	21	22	23	24	25	26	27	28	29	30	31	32	33	34	35	36	37	38	39	40	41	42	
1460	
1461	1	2	3	4	5	7	8	9	11	12	13	14	15	16	18	19	20	21	22	23	24	25	26	27	28	32	33	34	35	36	37	38	39	40	41	42	
1462	
1463	1	2	3	4	5	6	9	10	11	12	13	14	15	16	17	19	21	22	23	24	25	26	27	28	33	35	38	39	41	42	
1464	1	2	3	4	5	7	8	9	11	12	13	14	15	16	18	19	20	21	22	23	24	25	26	27	28	32	33	34	35	37	38	39	40	41	42	
1465	1	2	4	7	9	11	12	13	16	24	26	32	38	39	42	
1466	35	41	
1467	
1468	1	2	3	4	5	7	8	9	11	12	13	15	16	18	21	24	25	26	27	28	32	34	35	37	38	39	40	41	42	
1469	1	2	3	4	5	7	9	10	11	12	13	14	15	16	17	19	21	22	23	24	25	26	27	32	33	37	38	39	40	41	42	
1470	1	2	3	4	5	7	8	9	11	12	13	15	16	24	25	27	32	34	35	37	38	39	40	41	42	
1471	5	7	9	11	12	13	15	16	24	35	37	39	41	
1472	5	11	12	15	24	37	39	
1473	1	2	4	7	8	9	10	11	12	13	16	19	22	23	24	26	27	32	33	37	38	40	42	
1474	1	7	9	24	26	29	32	33	37	40	42	
1475	1	2	3	4	5	7	8	9	10	11	12	13	14	15	16	18	19	20	21	22	23	24	25	26	27	28	32	33	34	35	36	37	38	39	40	41	42	
1476	1	2	4	5	7	9	11	12	13	15	16	17	19	20	24	25	28	34	35	37	38	39	41	
1477	1	3	5	8	9	11	12	13	14	15	16	17	19	21	22	24	25	26	27	35	38	39	41	
1478	1	3	5	8	11	12	13	14	15	16	17	18	19	20	21	24	25	26	27	31	34	35	36	38	39	40	41	
1479	
1480	41	
1481	1	4	5	7	8	9	10	11	12	13	14	15	16	18	19	20	21	23	24	25	26	27	28	29	30	31	33	34	35	36	37	38	39	41	
1482	
1483	5	9	11	12	13	14	15	16	17	19	20	22	24	25	27	35	37	39	41	42	
1484	1	2	3	4	5	7	8	9	10	11	12	13	14	15	16	17	18	19	20	21	22	23	24	25	26	27	28	32	33	34	36	37	38	39	40	41	42	
1485	1	2	3	4	5	7	8	9	10	11	12	13	14	15	16	17	18	19	20	21	22	23	24	25	26	27	32	33	34	35	37	38	39	40	41	42	
1486	5	11	12	13	15	16	35	39	41	
1487	1	7	8	11	12	13	15	16	18	24	25	27	34	35	37	38	39	40	41	
1488	1	2	3	4	5	7	8	9	10	11	12	13	14	15	16	17	18	19	20	21	22	23	24	25	26	27	28	30	31	33	34	35	36	37	38	39	41	
1489	24	25	34	35	41	
1490	1	7	12	16	19	24	26	32	40	42	
1491	1	2	3	4	5	7	8	9	11	12	13	14	15	16	19	21	22	23	24	25	26	27	32	33	34	37	38	39	40	41	42	
1492	1	2	3	4	5	7	8	9	11	12	13	14	15	16	17	18	19	20	21	22	23	24	25	26	27	28	32	33	34	35	38	39	41	
1493	1	2	3	4	5	7	8	9	11	12	13	14	15	16	17	18	19	21	22	23	24	25	26	27	28	32	33	34	38	39	40	41	42	
1494	1	7	12	16	24	39	
1495	
1496	
1497	1	5	7	9	10	11	12	13	15	16	19	21	24	25	26	27	33	35	37	38	39	41	42	
1498	1	2	4	7	8	9	11	12	15	16	18	24	25	32	34	35	37	38	39	40	41	42	
1499	
1500	16	24	28	35	41	
1501	19	
1502	12	
1503	1	3	5	7	8	9	11	12	13	15	16	24	26	35	38	39	41	
1504	13	19	
1505	35	
1506	
1507	1	3	4	5	7	8	9	11	12	13	15	16	18	19	21	24	25	26	27	28	32	33	34	35	37	38	39	40	41	
1508	
1509	1	2	3	4	5	6	7	8	9	10	11	12	13	14	15	16	17	18	19	20	21	22	23	24	25	26	27	28	29	32	33	36	37	38	39	40	41	42	
1510	1	2	3	4	5	7	8	9	11	12	13	15	16	18	19	21	24	25	26	27	32	33	34	35	37	38	39	40	41	42	
1511	35	
1512	41	
1513	24	
1514	
1515	1	2	3	4	5	7	8	9	11	12	13	14	15	16	17	18	19	21	22	23	24	25	26	27	28	33	34	35	38	39	40	41	42	
1516	41	
1517	1	2	3	4	5	7	8	9	11	12	13	15	16	19	21	22	23	24	25	26	27	32	33	34	37	38	39	40	42	
1518	5	11	12	13	14	15	16	19	24	35	38	39	41	
1519	11	12	16	19	26	39	
1520	
1521	
1522	1	7	9	12	19	21	24	26	32	33	37	39	40	42	
1523	
1524	
1525	
1526	
1527	
1528	1	3	5	9	11	12	13	14	15	16	17	19	21	22	24	25	26	27	35	38	39	41	
1529	1	2	3	4	5	7	8	9	10	11	12	13	14	15	16	17	18	19	20	21	22	23	24	25	26	27	28	30	31	32	33	34	35	36	37	38	39	40	41	
1530	5	11	12	13	15	16	24	34	35	39	41	
1531	1	2	4	5	7	9	11	12	13	15	16	19	21	22	24	25	26	32	33	35	37	38	39	40	41	42	
1532	1	2	3	4	5	7	8	9	10	11	12	13	14	15	16	17	18	19	20	21	22	23	24	25	26	27	28	31	32	33	34	35	36	37	38	39	40	41	42	
1533	5	11	12	13	14	15	16	19	24	35	38	39	41	
1534	2	3	4	5	9	11	12	13	14	15	17	19	22	23	26	38	39	
1535	1	7	9	11	12	13	24	26	32	42	
1536	2	4	7	8	16	18	20	28	31	34	36	40	
1537	1	2	3	4	5	7	8	9	10	11	12	13	14	15	16	17	18	19	20	21	22	23	24	25	26	27	28	32	33	34	35	36	37	38	39	41	42	
1538	
1539	7	24	
1540	1	2	3	4	5	7	8	9	10	11	12	13	14	15	16	18	19	21	23	24	25	26	27	28	32	33	34	35	38	39	41	42	
1541	1	2	3	4	5	7	9	10	11	12	13	14	15	16	17	18	19	20	21	22	23	24	25	26	27	28	33	34	35	38	39	41	42	
1542	1	7	12	16	24	26	42	
1543	1	2	3	4	5	7	8	9	11	12	13	15	16	19	21	24	25	26	27	32	33	34	37	38	39	40	41	42	
1544	1	2	4	7	8	9	11	12	13	16	24	25	26	27	32	33	37	38	39	40	42	
1545	1	2	3	5	7	8	9	10	11	12	13	14	15	16	17	18	19	20	21	22	24	25	26	27	32	33	34	35	38	39	41	
1546	
1547	7	8	11	12	15	38	39	
1548	1	3	4	5	9	11	12	13	14	15	16	17	19	21	23	26	33	38	39	42	
1549	1	2	3	4	5	7	8	9	10	11	12	13	14	15	16	18	19	20	21	22	23	24	25	26	27	28	29	30	31	32	33	34	35	36	37	38	39	40	41	42	
1550	1	2	3	4	5	7	9	11	12	13	14	15	16	17	19	21	22	23	24	25	26	27	28	32	33	35	37	38	39	41	42	
1551	1	2	3	4	5	8	9	10	11	12	13	14	15	16	17	19	21	22	23	26	27	32	33	38	39	41	42	
1552	1	2	3	4	5	7	8	9	11	12	13	14	15	16	17	18	19	21	22	23	24	25	26	27	32	33	34	35	37	38	39	40	41	42	
1553	1	3	4	5	8	9	11	12	13	14	15	16	19	21	22	23	24	25	26	27	35	38	39	41	
1554	1	7	11	12	16	24	25	32	35	37	40	41	
1555	1	2	3	4	5	8	9	11	12	13	14	15	16	17	19	20	21	22	23	24	25	26	27	28	33	34	35	38	39	41	
1556	
1557	1	24	
1558	1	2	4	6	7	8	9	10	13	16	18	19	20	22	23	24	25	26	27	28	29	30	31	33	36	37	40	42	
1559	
1560	11	
1561	1	2	4	5	6	7	8	9	10	11	12	13	14	15	16	17	18	19	20	21	22	23	24	25	26	27	28	29	30	31	32	33	34	36	37	38	39	40	41	42	
1562	1	3	4	5	8	9	11	12	13	14	15	16	17	19	22	24	25	26	27	35	38	39	41	
1563	1	5	7	8	9	11	12	13	15	16	18	19	24	25	27	32	33	34	35	37	38	39	40	41	
1564	
1565	1	2	3	7	8	16	24	25	32	40	42	
1566	1	2	3	4	5	7	8	9	11	12	13	14	15	16	17	18	19	20	21	22	23	24	25	26	27	28	30	31	32	33	34	35	36	38	39	40	41	
1567	
1568	
1569	1	2	4	7	8	9	11	12	13	16	24	26	32	36	37	40	42	
1570	1	5	7	8	9	11	12	13	15	16	18	24	25	27	28	30	32	33	34	35	36	37	39	41	42	
1571	5	11	12	13	15	16	19	21	24	25	35	39	41	
1572	
1573	12	13	16	41	
1574	7	16	24	25	28	34	35	41	
1575	1	2	3	4	5	7	8	9	10	11	12	13	14	15	16	17	18	19	20	21	22	23	24	25	26	27	28	31	32	33	34	35	36	37	38	39	40	41	42	
1576	20	35	
1577	1	2	3	4	5	7	8	9	10	11	12	13	14	15	16	18	19	21	22	23	24	25	26	27	28	29	32	33	34	37	38	39	40	41	42	
1578	1	2	3	4	5	7	8	9	11	12	13	14	15	16	17	19	24	25	26	32	34	35	38	39	41	
1579	
1580	11	12	15	16	41	
1581	1	2	3	4	5	7	8	9	10	11	12	13	14	15	16	17	18	19	20	21	22	23	24	25	26	27	28	31	32	33	34	35	36	37	38	39	40	41	42	
1582	
1583	
1584	
1585	2	3	4	9	17	19	22	26	39	
1586	1	2	3	4	5	7	8	9	11	12	13	15	16	19	21	22	23	24	25	26	27	32	33	34	35	37	38	39	40	42	
1587	5	6	11	13	14	15	19	
1588	
1589	5	11	12	13	14	15	16	17	19	26	27	35	38	39	41	
1590	1	2	3	4	5	7	8	9	10	11	12	13	14	15	16	17	19	21	22	23	24	25	26	27	32	33	35	37	38	39	40	41	42	
1591	1	2	3	4	5	7	8	9	10	11	12	13	14	15	16	17	19	21	22	23	24	25	26	27	32	33	37	38	39	40	41	42	
1592	24	25	35	41	
1593	5	11	12	13	14	15	16	19	21	24	25	27	28	35	38	39	41	
1594	
1595	19	
1596	1	2	4	5	7	8	9	10	11	12	13	14	15	16	18	19	20	21	23	24	25	26	27	28	30	33	34	35	36	37	38	39	41	42	
1597	1	2	3	4	5	7	8	9	10	11	12	13	14	15	16	17	19	21	22	23	24	25	26	27	32	33	35	37	38	39	40	41	42	
1598	
1599	1	2	5	9	11	12	13	15	16	23	26	38	39	42	
1600	1	2	3	4	5	7	8	9	10	11	12	13	14	15	16	18	19	21	22	23	24	25	26	27	28	32	33	34	35	36	37	38	39	40	41	42	
1601	1	2	3	4	5	7	8	9	11	12	13	14	15	16	18	19	21	23	24	25	26	27	28	32	33	34	35	37	38	39	40	41	42	
1602	
1603	1	5	7	8	9	11	12	13	15	16	19	21	24	32	33	35	37	38	39	40	41	42	
1604	11	12	15	17	39	
1605	1	2	3	4	5	7	8	9	10	11	12	13	14	15	16	17	18	19	20	21	22	23	24	25	26	27	28	32	33	34	35	37	38	39	40	41	42	
1606	
1607	
1608	5	11	12	39	
1609	1	3	5	7	9	11	12	13	14	15	16	17	19	21	22	24	26	27	32	33	35	37	38	39	41	42	
1610	1	2	3	4	5	7	8	9	10	11	12	13	14	15	16	17	18	19	21	22	23	24	25	26	27	28	29	31	32	33	34	36	37	38	39	40	41	42	
1611	1	2	3	4	5	7	8	9	11	12	13	15	16	18	19	21	22	23	24	25	26	27	28	32	33	34	35	36	37	38	39	40	41	42	
1612	1	2	3	4	5	7	8	9	10	11	12	13	14	15	16	18	19	21	22	23	24	25	26	27	28	32	33	34	35	37	38	39	40	41	42	
1613	1	2	3	4	5	7	8	9	11	12	13	15	16	18	19	21	23	24	25	26	27	28	32	33	34	35	37	38	39	40	41	42	
1614	1	5	7	9	11	12	13	14	15	16	19	21	24	32	35	37	38	39	41	42	
1615	1	2	3	4	5	7	8	9	10	11	12	13	14	15	16	18	19	21	22	23	24	25	26	27	28	32	33	34	35	36	37	38	39	40	41	42	
1616	5	9	11	12	13	15	16	24	35	39	41	
1617	1	5	11	12	13	14	15	17	19	39	
1618	1	2	3	4	5	7	8	9	10	11	12	13	14	15	16	17	18	19	20	21	22	23	24	25	26	27	28	30	33	34	35	36	37	38	39	40	41	
1619	24	
1620	
1621	1	2	3	4	5	7	8	9	10	11	12	13	14	15	16	17	18	19	20	21	22	23	24	25	26	27	28	30	31	32	33	34	35	36	37	38	39	40	41	42	
1622	1	2	3	4	5	7	8	9	10	11	12	13	14	15	16	18	19	20	21	22	23	24	25	26	27	28	32	33	34	35	36	37	38	39	40	41	42	
1623	1	2	4	5	7	8	9	11	12	13	15	16	18	24	25	28	34	35	37	38	39	40	41	
1624	7	9	11	12	13	15	16	24	25	35	39	41	
1625	1	2	3	4	5	6	7	9	11	12	13	14	15	16	17	18	19	21	23	24	25	26	28	32	33	38	39	41	42	
1626	1	2	3	4	5	8	9	11	12	13	14	15	16	17	19	21	22	23	24	25	26	27	28	34	35	38	39	41	
1627	1	2	3	4	5	7	8	9	10	11	12	13	14	15	16	18	19	21	22	23	24	25	26	27	29	32	33	34	36	37	38	39	40	41	42	
1628	5	7	11	12	13	15	16	19	24	35	37	
1629	35	41	
1630	8	16	24	30	34	35	41	
1631	
1632	
1633	1	2	3	4	5	7	8	9	10	11	12	13	14	15	16	17	18	19	20	21	22	23	24	25	26	27	28	32	33	34	35	37	38	39	40	41	42	
1634	1	4	5	8	11	12	13	15	16	19	24	26	34	38	39	
1635	5	6	7	11	12	13	14	15	17	19	20	35	37	38	39	41	
1636	5	11	12	13	15	24	35	39	41	
1637	
1638	
1639	2	4	9	11	12	13	16	19	24	25	35	39	41	42	
1640	1	2	3	4	5	8	9	11	12	13	14	15	16	17	18	19	20	22	23	24	25	26	27	28	34	38	39	41	
1641	1	2	3	4	5	8	11	12	13	14	15	16	17	18	19	21	22	23	24	25	26	27	28	34	35	38	39	41	
1642	5	11	12	13	15	16	24	25	27	28	34	35	38	39	41	
1643	
1644	11	12	16	24	35	39	41	
1645	1	2	3	4	5	7	8	9	10	11	12	13	14	15	16	17	18	19	20	21	22	23	24	25	26	27	28	31	32	33	34	35	36	37	38	39	40	41	42	
1646	
1647	1	3	5	7	8	9	10	11	12	13	14	15	16	18	19	21	23	24	25	26	27	32	33	35	37	38	39	40	41	42	
1648	5	11	12	13	14	15	16	17	19	35	38	39	41	
1649	1	2	3	4	5	7	8	9	10	11	12	13	14	15	16	17	19	21	22	23	24	25	26	27	32	33	35	37	38	39	41	42	
1650	
1651	16	24	35	41	
1652	1	2	3	4	5	9	11	12	13	14	15	16	17	19	21	22	23	26	38	39	42	
1653	5	11	12	13	15	35	39	41	
1654	
1655	1	2	3	4	5	8	9	10	11	12	13	14	15	16	17	18	19	20	21	22	23	25	26	27	28	31	32	33	34	38	39	40	42	
1656	7	11	15	24	
1657	
1658	1	2	3	4	5	7	8	9	10	11	12	13	14	15	16	17	18	19	20	21	22	23	24	25	26	27	28	31	32	33	34	35	36	37	38	39	40	41	42	
1659	
1660	
1661	2	4	9	23	
1662	7	32	33	42	
1663	1	2	3	4	5	6	7	8	9	10	11	12	13	14	15	16	17	18	19	20	21	22	23	24	25	26	27	28	30	31	32	33	34	35	36	37	38	39	40	41	42	
1664	1	2	3	4	5	7	8	9	10	11	12	13	14	15	16	18	19	20	21	22	23	24	25	26	27	28	31	33	34	35	36	37	38	39	40	41	42	
1665	16	18	24	28	34	
1666	1	5	7	9	11	12	13	14	15	16	19	24	25	27	28	35	37	38	39	41	
1667	11	12	16	24	25	28	35	39	41	
1668	1	2	3	4	5	6	7	8	9	10	11	12	13	14	15	16	17	18	19	20	21	22	23	24	25	26	27	32	33	34	35	37	38	39	40	41	42	
1669	1	2	3	4	5	7	9	11	12	13	14	15	16	17	18	19	21	22	23	24	25	27	28	33	35	38	39	41	42	
1670	35	41	
1671	
1672	
1673	
1674	1	2	3	4	5	7	8	9	10	11	12	13	14	15	16	18	19	20	21	22	23	24	25	26	27	28	29	30	31	32	33	34	35	36	37	38	39	40	41	42	
1675	1	2	3	4	5	7	8	9	11	12	13	14	15	16	17	19	21	22	23	24	25	26	27	28	35	38	39	41	42	
1676	7	11	12	15	16	24	25	28	34	35	39	41	
1677	35	
1678	
1679	7	16	24	34	35	
1680	
1681	
1682	1	2	3	4	5	7	8	9	11	12	13	15	16	18	19	20	21	22	23	24	25	26	27	28	32	33	34	35	36	37	38	39	40	41	42	
1683	2	3	4	5	9	11	12	13	14	15	16	17	19	22	23	24	25	28	38	39	41	42	
1684	
1685	
1686	
1687	1	2	3	4	5	7	8	9	10	11	12	13	14	15	16	17	18	19	20	21	22	23	24	25	26	27	28	29	30	31	32	33	34	35	36	37	38	39	40	41	42	
1688	11	12	13	15	16	17	19	22	39	
1689	1	2	4	7	8	9	11	12	13	16	19	21	22	26	29	32	33	37	38	39	40	42	
1690	1	2	4	5	7	8	9	10	11	12	13	15	16	18	19	21	22	23	24	25	26	27	32	33	34	36	37	38	39	40	41	42	
1691	7	24	35	
1692	1	5	7	8	9	11	12	13	15	16	18	19	24	35	37	38	39	41	
1693	5	8	11	12	13	15	16	18	20	24	27	28	34	35	37	38	39	41	
1694	
1695	1	2	4	8	9	13	16	18	19	22	23	25	26	28	33	34	38	39	42	
1696	1	2	4	10	19	20	22	23	26	27	28	29	31	37	42	
1697	16	24	35	41	
1698	
1699	
1700	
1701	1	2	3	4	5	7	8	9	10	11	12	13	14	15	16	18	19	20	21	22	23	24	25	26	27	28	29	31	32	33	34	36	37	38	39	40	41	42	
1702	11	12	13	15	16	39	41	
1703	1	19	26	32	42	
1704	
