1	2	3	4	5	6	7	8	9	10	11	12	13	14	15	16	17	18	19	20	21	22	23	24	25	26	27	28	29	30	31	32	33	
2	2	3	4	5	6	7	8	9	10	11	13	14	15	16	17	18	19	20	21	22	23	24	25	26	27	28	29	31	32	33	34	35	
3	1	3	4	5	6	7	8	9	10	11	12	13	14	15	16	17	18	19	20	21	22	23	24	25	26	27	28	29	30	31	32	33	34	35	
4	2	3	4	6	7	8	10	11	12	13	15	16	18	19	21	22	23	24	25	26	27	28	29	30	32	33	34	35	
5	2	3	4	5	6	7	8	9	10	11	12	13	14	15	16	17	18	19	20	21	22	23	24	25	26	27	28	29	30	31	32	33	34	35	
6	3	6	7	8	15	16	25	28	32	34	
7	2	3	4	5	6	7	8	9	10	11	12	13	14	15	16	17	18	19	20	21	22	23	24	25	26	27	28	29	30	31	32	33	34	35	
8	1	2	4	5	6	7	9	10	11	12	13	14	15	16	17	18	19	20	21	22	23	24	25	26	27	29	30	31	32	33	34	35	
9	1	3	5	6	7	8	9	10	11	12	14	15	16	17	18	20	23	24	25	26	28	29	30	31	32	33	34	35	
10	1	2	3	5	6	7	8	9	10	11	12	13	14	15	16	17	18	19	20	21	22	23	24	25	26	27	28	29	30	31	32	33	34	35	
11	2	3	4	5	6	7	8	9	10	11	12	13	14	15	16	17	18	19	20	21	22	23	24	25	26	27	28	29	31	32	33	34	35	
12	2	6	8	12	16	25	30	
13	1	2	4	9	11	12	13	15	18	19	21	22	24	27	30	32	33	35	
14	2	3	4	5	6	7	8	9	10	11	12	13	14	15	16	17	18	19	20	21	22	23	24	25	26	27	28	29	30	31	32	33	34	35	
15	2	3	4	5	6	7	8	9	10	11	12	13	14	15	16	17	18	19	20	21	22	23	24	25	26	27	28	29	30	31	32	33	34	35	
16	4	
17	2	3	4	6	7	8	9	10	11	12	13	14	15	16	17	18	19	20	21	22	23	24	25	26	27	28	29	30	32	33	34	35	
18	1	2	3	4	6	7	8	9	11	12	13	15	16	18	19	20	21	22	23	24	25	27	28	29	30	32	33	34	35	
19	2	3	4	6	7	8	9	10	11	12	13	15	16	18	19	20	21	22	24	25	26	27	28	29	30	32	33	34	
20	2	3	4	5	6	7	8	9	10	11	12	14	16	17	18	19	20	22	23	24	25	26	27	28	29	30	31	32	33	
21	2	3	4	6	7	8	9	11	12	15	16	18	19	22	23	24	25	27	28	29	32	33	34	
22	3	6	7	8	9	11	12	15	16	24	25	28	29	32	33	
23	3	4	6	8	11	12	15	24	25	28	33	
24	1	2	4	6	7	11	13	15	16	21	24	25	32	33	34	35	
25	2	3	4	5	6	7	8	9	10	11	12	13	14	15	16	17	18	19	20	21	22	23	24	25	26	27	28	29	30	31	32	33	34	35	
26	2	3	4	5	6	7	8	9	10	11	12	13	14	15	16	17	18	19	20	21	22	23	24	25	26	27	28	29	30	31	32	33	34	35	
27	2	3	4	5	6	7	8	9	10	12	13	14	15	16	17	18	19	20	21	22	23	25	26	27	28	29	31	32	33	34	35	
28	2	3	6	8	9	11	12	13	15	16	19	21	22	24	25	27	28	29	30	32	33	34	
29	1	2	3	4	5	7	8	9	10	11	12	13	14	17	18	19	20	21	22	23	24	26	27	28	30	31	32	33	34	35	
30	2	3	4	6	7	8	9	10	11	12	13	15	16	19	21	22	24	25	26	27	28	29	32	33	34	
31	2	3	5	6	7	8	9	10	11	12	13	14	15	16	17	18	20	21	23	24	25	26	28	29	31	32	33	34	35	
32	1	2	3	4	5	6	7	8	9	11	12	13	15	16	17	18	19	20	21	22	23	24	25	27	28	29	30	31	32	33	34	35	
33	2	3	4	6	7	8	9	11	12	13	15	16	19	21	22	24	25	27	28	29	30	32	33	
34	2	3	4	6	7	8	9	10	11	12	13	14	15	16	19	20	21	22	23	24	25	26	27	28	32	33	
35	1	2	3	4	5	6	7	8	9	10	11	12	13	14	16	17	18	19	20	21	22	23	24	26	27	28	30	31	33	34	35	
36	1	2	3	4	6	7	9	10	11	12	13	14	15	16	17	18	19	20	21	22	23	24	25	26	27	28	29	30	32	34	35	
37	2	8	12	
38	2	3	4	6	7	8	11	12	15	16	19	22	24	25	27	28	32	33	35	
39	2	3	4	5	6	7	8	9	10	11	12	13	14	15	16	17	18	19	20	21	22	23	24	25	26	27	28	29	30	31	32	33	34	35	
40	3	4	5	6	7	8	9	11	12	15	16	18	20	23	24	25	28	29	30	31	32	33	
41	2	3	5	6	7	8	9	10	11	12	14	16	17	18	20	23	24	25	26	28	29	30	31	32	33	34	
42	2	3	6	7	8	9	11	12	15	16	24	25	28	29	32	33	
43	1	3	4	5	6	7	8	9	10	11	12	13	14	15	16	17	18	19	20	21	22	23	24	25	26	27	28	29	30	31	32	33	34	35	
44	1	2	3	4	6	7	8	11	12	13	15	16	18	19	21	22	23	24	25	27	28	29	30	32	33	34	35	
45	2	3	4	5	6	7	8	9	10	11	12	13	14	15	16	17	18	19	20	21	22	23	24	25	26	27	28	29	30	31	32	33	34	35	
46	2	3	4	5	6	7	8	9	10	11	12	13	14	15	16	17	18	19	20	21	22	23	24	25	26	27	28	29	30	31	32	33	34	35	
47	2	3	4	6	7	8	9	10	11	14	15	16	17	18	19	20	22	23	24	25	26	27	28	29	32	33	
48	1	3	5	6	7	8	9	10	11	12	14	15	16	17	18	20	23	24	25	26	28	29	30	31	32	33	34	
49	2	3	4	5	6	8	9	10	11	12	13	14	15	16	17	18	19	20	21	22	23	24	25	26	27	28	29	30	31	32	33	34	
50	3	4	5	6	7	8	9	10	11	12	14	17	18	19	20	22	23	24	25	26	27	28	29	31	32	33	34	
51	2	3	4	5	6	7	8	9	10	11	12	13	14	15	16	17	18	19	20	21	22	23	24	25	26	27	28	29	30	31	32	33	34	35	
52	2	3	4	5	6	7	8	9	10	11	12	13	14	15	16	17	18	19	20	21	22	23	24	25	26	27	28	29	30	31	32	33	34	35	
53	2	3	5	6	7	8	9	10	11	12	14	16	17	18	20	23	24	25	26	28	29	30	31	32	33	34	
54	3	5	6	7	8	9	10	11	12	14	15	16	17	18	20	23	24	25	26	28	29	31	32	33	34	
55	3	4	8	11	12	13	15	19	21	22	24	27	28	30	32	33	
56	1	2	3	4	5	6	7	9	10	11	13	14	15	16	17	18	19	20	21	22	23	24	25	26	27	28	29	30	31	32	33	34	35	
57	3	6	7	8	9	12	15	16	18	25	28	29	30	32	
58	2	3	5	6	7	8	9	10	11	12	14	15	16	17	18	19	20	22	23	24	25	26	27	28	29	30	31	32	33	34	35	
59	1	2	3	4	6	8	9	11	13	17	18	19	20	21	22	23	24	25	27	28	30	33	34	35	
60	2	3	4	5	6	7	8	9	10	11	12	13	14	15	16	17	18	19	20	21	22	23	24	25	26	27	28	29	30	31	32	33	34	35	
61	2	3	4	5	6	7	8	9	10	11	12	13	14	15	16	17	18	19	20	21	22	23	24	25	26	27	28	29	30	31	32	33	34	35	
62	
63	2	3	4	9	11	19	22	24	27	28	30	34	
64	1	2	3	4	5	7	8	9	10	11	12	13	14	15	16	17	18	19	20	21	22	23	24	26	27	28	30	31	33	34	35	
65	1	2	3	4	5	6	7	8	9	10	11	12	13	14	15	16	17	18	19	20	21	22	23	24	25	26	27	28	29	30	31	32	33	
66	2	3	4	5	6	7	8	9	10	11	12	13	14	15	16	17	18	19	20	21	22	23	24	25	26	27	28	29	30	31	32	33	34	35	
67	2	3	5	6	7	8	9	10	11	12	13	14	15	16	17	18	19	20	21	22	23	24	25	26	27	28	29	31	32	33	34	35	
68	2	3	4	5	6	7	8	9	10	11	12	14	15	16	17	18	19	20	22	23	24	25	26	27	28	29	31	32	33	
69	2	3	4	5	6	7	8	9	10	11	12	13	14	15	16	17	18	19	20	21	22	23	24	25	26	27	28	29	30	31	32	33	34	35	
70	2	3	4	6	7	8	9	11	12	13	15	16	18	19	21	22	23	24	25	27	28	29	30	32	33	34	35	
71	1	2	3	4	5	6	7	9	10	11	12	13	14	15	16	17	18	19	20	21	22	23	24	25	26	27	28	29	30	31	32	33	34	35	
72	1	34	35	
73	2	3	4	5	6	7	8	9	10	11	12	13	14	15	16	17	18	19	20	21	22	23	24	25	26	27	28	29	30	31	32	33	34	35	
74	3	4	5	6	7	8	9	10	11	12	14	15	16	17	18	19	20	22	23	24	25	26	27	28	29	31	32	33	34	
75	2	3	4	5	6	7	8	9	10	11	12	13	14	15	16	17	18	19	20	21	22	23	24	25	26	27	28	29	30	31	32	33	34	35	
76	2	3	4	6	7	8	9	11	12	13	15	16	19	21	22	24	25	27	28	29	30	32	33	34	
77	2	3	4	5	6	7	8	9	10	11	12	13	14	15	16	17	18	20	21	23	24	25	26	28	29	30	31	32	33	34	35	
78	2	3	4	5	6	7	8	9	10	11	12	13	14	15	16	17	18	19	20	21	22	23	24	25	26	27	28	29	30	31	32	33	34	35	
79	1	2	3	5	6	7	8	9	10	11	12	13	14	15	16	17	18	19	20	21	22	23	24	25	26	27	28	29	30	31	32	33	34	35	
80	2	3	4	5	6	7	8	9	10	11	12	13	14	15	16	17	18	19	20	21	22	23	24	25	26	27	28	29	30	31	32	33	34	
81	1	2	5	6	7	8	9	10	12	14	16	17	18	19	20	22	23	25	26	27	29	30	31	32	33	34	35	
82	2	3	4	5	6	7	8	9	10	11	12	13	14	15	16	17	18	19	20	21	22	23	24	25	26	27	28	29	30	31	32	33	34	35	
83	2	3	4	5	6	7	8	9	10	11	12	13	14	15	16	17	18	19	20	21	22	23	24	25	26	27	28	29	30	31	32	33	34	35	
84	1	4	5	7	9	10	14	15	17	18	19	20	22	23	26	27	31	32	35	
85	3	4	6	7	8	11	13	15	16	18	19	21	22	23	24	25	27	28	29	32	33	34	35	
86	2	3	5	6	7	8	9	10	11	14	16	17	18	20	23	24	25	26	28	29	31	32	33	34	
87	1	2	3	4	5	6	7	8	9	10	11	12	13	14	15	16	17	18	19	20	21	22	23	24	25	26	27	28	29	30	31	32	33	34	
88	1	2	3	5	6	7	8	9	10	11	12	14	15	16	17	18	19	20	22	23	24	25	26	27	28	29	30	31	32	33	34	
89	5	6	8	9	13	17	18	20	21	23	25	29	30	31	33	34	
90	2	3	4	5	6	7	8	9	10	11	12	14	15	16	17	18	19	20	22	23	24	25	26	27	28	29	30	31	32	33	34	
91	2	3	4	5	6	7	8	9	10	11	12	14	15	16	17	18	19	20	22	23	24	25	26	27	28	29	30	31	32	33	34	
92	2	3	4	5	6	7	8	9	10	14	17	18	20	23	26	28	29	31	32	
93	1	2	3	4	6	7	8	11	12	13	15	16	21	24	25	28	30	32	33	
94	1	2	3	4	5	6	7	8	9	10	11	12	13	14	15	16	17	18	20	21	23	24	25	26	28	29	30	31	32	33	
95	5	6	8	9	10	12	14	16	17	18	20	23	26	29	31	
96	2	3	4	6	7	8	11	12	13	15	16	18	19	21	22	23	24	25	27	28	29	30	32	33	34	35	
97	1	5	6	7	8	9	10	12	14	16	17	18	20	23	25	26	29	30	31	32	33	34	35	
98	1	2	4	5	7	9	10	11	12	13	14	15	16	17	18	19	20	21	22	23	24	26	27	30	31	32	33	34	35	
99	5	6	7	8	9	12	15	16	18	23	25	29	30	31	32	
100	2	3	4	5	6	7	8	9	10	11	12	13	14	15	16	17	18	20	21	23	24	25	26	28	29	30	31	32	33	34	35	
101	2	3	5	6	7	8	9	10	11	12	14	15	16	17	18	20	23	24	25	26	28	29	30	31	32	33	
102	2	3	4	6	8	11	12	16	19	22	24	25	27	28	30	32	
103	1	4	6	7	8	9	11	13	15	18	21	23	25	30	33	34	
104	1	2	3	4	5	6	7	8	9	10	11	12	13	14	15	16	17	18	19	20	21	22	23	24	25	26	27	28	29	30	31	32	33	34	
105	2	3	4	5	6	7	8	9	10	11	12	13	14	15	16	17	18	19	20	21	22	23	24	25	26	27	28	29	30	31	32	33	34	35	
106	6	8	12	
107	3	4	6	7	8	11	12	13	15	16	18	20	21	23	24	28	30	32	33	
108	2	3	5	6	7	8	9	10	11	12	13	14	15	16	17	18	19	20	21	22	23	24	25	26	27	28	29	30	31	32	33	34	35	
109	1	2	5	6	7	8	9	10	12	13	14	15	16	17	18	19	20	21	22	23	24	25	26	27	29	30	31	32	33	34	35	
