1	1	2	3	4	5	6	7	8	9	10	11	12	13	14	15	17	18	19	20	22	23	24	25	26	27	
2	1	2	3	4	5	7	8	9	10	11	12	13	14	15	17	18	19	20	23	25	26	27	
3	1	3	4	5	7	8	9	10	11	12	13	14	17	19	21	22	24	25	26	27	
4	1	2	3	4	5	6	7	8	9	10	11	12	13	14	15	17	18	19	20	22	23	24	25	26	27	
5	1	2	3	4	5	6	7	8	9	11	12	13	14	15	16	17	18	19	20	22	23	24	25	26	
6	1	3	4	5	7	8	9	10	11	12	13	14	17	19	21	25	26	27	
7	1	2	3	4	5	6	7	9	10	11	12	13	14	15	17	18	19	20	21	22	23	24	25	26	27	
8	1	2	3	4	5	6	7	9	10	11	12	13	14	15	17	18	19	21	22	23	24	25	26	27	
9	1	2	3	4	5	6	7	8	9	10	11	12	13	15	16	18	19	20	21	22	23	24	25	26	27	
10	1	2	3	4	5	6	7	8	9	10	11	12	14	15	17	18	19	20	21	22	23	24	25	26	27	
11	1	4	5	6	7	8	9	10	11	12	13	14	16	17	19	20	21	22	24	25	26	27	
12	1	2	3	4	5	7	8	9	10	11	12	13	14	15	16	17	18	19	20	21	23	24	25	26	27	
13	1	2	3	4	5	7	8	9	10	11	12	13	14	15	17	18	19	20	21	23	25	26	
14	1	2	3	4	5	7	8	9	10	11	12	13	14	15	17	18	19	20	21	23	25	26	27	
15	1	4	5	7	8	9	10	11	12	13	19	20	21	25	26	
16	1	2	3	4	5	6	7	9	10	11	12	13	14	15	17	18	19	20	21	22	23	24	25	26	27	
17	1	2	4	5	6	7	8	9	10	11	12	13	14	15	17	18	19	20	21	22	23	24	25	26	
18	2	3	4	5	6	7	9	10	11	12	13	14	15	17	18	19	20	22	23	24	25	26	27	
19	1	2	3	4	5	6	7	8	9	10	11	12	13	14	15	17	18	19	20	21	22	24	25	26	27	
20	1	2	3	4	5	7	8	9	10	11	12	13	14	15	17	18	19	20	22	23	24	25	27	
21	1	2	3	4	5	6	7	8	9	10	11	12	13	14	15	16	17	18	19	20	21	23	25	26	27	
22	1	2	3	4	5	6	7	8	9	10	11	12	13	14	15	17	18	19	20	21	23	24	25	26	27	
23	1	2	3	4	5	6	7	8	9	11	12	13	14	15	16	17	18	19	20	21	22	23	24	25	26	
24	1	2	4	5	6	7	8	9	10	11	12	13	14	15	16	17	18	19	20	21	22	23	24	25	26	
25	1	2	3	4	5	7	8	9	10	11	12	14	15	16	17	18	19	20	22	23	24	25	27	
26	1	2	3	4	5	6	7	8	9	11	12	13	14	15	17	18	19	20	21	22	23	24	25	26	27	
27	1	2	3	4	5	6	7	8	9	11	12	13	14	15	17	18	19	20	21	22	23	24	25	26	27	
28	4	5	7	9	11	12	13	14	17	19	20	22	25	
29	1	2	3	4	5	7	8	9	10	11	12	13	14	15	17	18	19	20	21	22	23	24	25	26	27	
30	1	2	3	4	5	6	7	8	9	11	12	13	14	15	16	17	18	19	20	21	22	23	24	25	26	
31	1	2	4	5	6	7	8	9	10	11	12	13	14	15	17	18	19	20	21	22	23	24	25	26	27	
32	1	2	3	4	5	6	7	9	10	11	12	13	14	15	16	17	18	19	20	22	23	24	25	26	27	
33	2	3	4	5	6	7	8	9	10	11	12	13	14	15	17	18	19	20	22	23	24	25	26	27	
34	1	2	3	4	5	6	7	8	9	10	11	12	13	14	15	17	18	19	20	21	25	26	27	
35	2	3	4	5	7	8	9	10	11	12	13	14	15	17	18	19	20	23	25	26	
36	1	2	3	4	5	7	8	9	10	11	12	13	14	15	17	18	19	20	21	22	23	24	25	26	27	
37	2	3	4	5	7	9	10	11	12	13	14	15	17	18	19	20	23	24	25	27	
38	1	2	3	4	5	7	9	10	11	12	13	14	15	16	17	18	19	20	21	22	23	25	26	27	
39	1	2	3	4	5	7	8	9	10	11	12	13	14	15	16	17	18	19	20	21	22	23	25	26	27	
40	1	2	3	4	5	6	7	8	9	10	11	12	13	14	15	17	18	19	20	22	23	24	25	26	27	
41	1	2	4	5	6	7	8	9	10	11	12	13	14	15	16	17	18	19	20	21	22	23	24	25	26	
42	1	2	3	4	5	7	8	9	10	11	12	13	14	15	16	17	18	19	20	21	23	25	26	27	
43	1	3	4	5	6	7	9	10	11	12	13	14	16	17	19	21	24	25	26	27	
44	1	2	3	4	5	6	7	8	9	11	12	13	14	15	17	18	19	20	21	22	23	24	25	26	
45	1	2	3	4	5	6	7	8	9	11	12	13	14	15	16	17	18	19	20	22	23	24	25	26	27	
46	1	2	3	4	5	6	7	8	9	10	11	12	13	14	15	17	18	19	20	21	22	23	24	25	26	
47	1	2	3	4	5	6	7	8	9	10	11	12	13	14	15	17	18	19	20	21	22	23	24	25	26	
48	1	2	3	4	5	6	7	9	11	12	13	14	15	16	17	18	19	20	21	22	23	24	25	26	27	
49	1	4	5	6	7	9	10	11	12	13	14	17	19	20	22	24	25	26	27	
50	1	2	4	5	6	7	8	9	11	12	13	15	18	19	20	22	23	25	
51	2	3	4	5	7	8	9	11	12	15	16	18	19	21	23	25	
52	1	2	3	4	5	7	8	9	10	11	12	13	14	15	16	17	18	19	20	21	22	23	24	25	27	
53	3	4	5	7	8	9	10	11	12	13	19	25	
54	1	2	3	4	5	6	7	8	9	10	11	12	13	14	15	16	17	18	19	20	22	23	24	25	26	27	
55	2	3	4	5	6	7	8	9	10	11	12	13	14	15	17	18	19	20	22	23	24	25	26	27	
56	1	2	3	4	5	7	9	10	11	12	13	14	15	16	17	18	19	20	21	23	24	25	26	27	
57	1	2	3	4	5	7	8	9	10	11	12	13	14	15	16	17	18	19	20	21	22	23	24	25	26	
58	1	2	4	5	7	8	9	10	11	12	13	14	15	17	18	19	20	23	24	25	26	27	
59	1	2	3	4	5	7	9	10	11	12	13	14	15	16	17	18	19	20	23	24	25	26	27	
60	3	4	5	7	8	9	10	11	12	13	14	16	17	19	20	21	25	26	27	
61	1	2	3	4	5	7	9	10	11	12	13	14	15	16	17	18	19	20	21	23	24	25	26	27	
62	1	2	3	4	5	7	8	9	10	11	12	13	14	15	16	17	18	19	20	21	23	25	26	27	
63	1	3	4	5	6	7	8	9	11	12	13	14	16	17	19	20	24	25	26	27	
64	1	2	3	4	5	6	7	8	9	10	11	12	14	15	16	17	18	19	20	21	23	24	25	26	27	
65	1	2	3	4	5	7	8	9	10	11	12	13	14	15	17	18	19	20	23	24	25	26	27	
66	4	5	7	8	9	10	11	12	19	25	27	
67	1	2	3	4	5	7	9	10	11	12	13	14	15	16	17	18	19	20	21	22	23	25	26	27	
68	1	2	3	4	5	6	7	9	10	11	12	13	14	15	16	17	18	19	20	21	23	24	25	26	27	
69	1	4	5	7	9	10	11	12	13	19	21	25	26	
70	1	2	3	4	5	7	8	9	10	11	12	13	14	15	16	17	18	19	20	21	22	23	24	25	26	
71	1	2	3	4	5	7	8	9	10	11	12	13	14	15	17	18	19	20	21	23	25	26	
72	1	2	3	4	5	6	7	9	10	11	12	13	14	15	17	18	19	20	21	22	23	24	25	26	27	
73	1	2	3	4	5	6	7	8	9	10	11	12	13	15	16	18	19	20	21	22	23	24	25	26	27	
74	1	3	4	5	7	8	9	12	13	14	17	19	20	21	25	
75	1	2	3	4	5	6	7	8	9	10	11	12	15	16	18	19	20	21	22	23	24	25	26	27	
76	1	2	3	4	5	7	8	9	10	11	12	13	14	15	16	17	18	19	20	21	23	24	25	26	27	
77	1	2	3	4	5	6	7	8	9	10	11	12	13	14	15	17	18	19	20	21	22	23	25	26	
78	3	4	5	6	7	8	9	10	11	12	19	20	22	24	25	
79	1	2	3	4	5	7	8	9	10	11	12	13	14	15	17	18	19	20	21	25	26	27	
80	1	2	3	4	5	6	7	8	9	10	11	12	13	14	15	17	18	19	20	21	23	24	25	26	
81	1	2	3	4	5	6	7	8	9	10	11	12	13	14	15	17	18	19	20	21	22	23	24	25	27	
82	1	2	3	4	5	6	7	9	10	11	12	13	14	15	16	17	18	19	20	21	22	23	24	25	26	
83	4	5	7	8	9	10	11	12	13	19	25	27	
84	1	2	3	4	5	7	8	9	10	11	12	13	14	15	17	18	19	20	21	22	23	24	25	26	27	
85	1	2	3	4	5	7	8	9	10	11	12	13	14	15	17	18	19	20	21	22	23	24	25	26	27	
86	1	3	4	5	7	8	9	10	11	12	13	14	17	19	20	21	22	24	25	26	27	
87	1	2	3	4	5	6	7	8	9	11	12	13	14	15	16	17	18	19	20	21	22	23	24	25	26	
88	1	2	3	4	5	7	8	9	10	11	12	13	14	15	16	17	18	19	20	22	23	25	26	27	
89	1	2	3	4	5	6	7	9	10	11	12	13	14	15	16	17	18	19	20	21	23	24	25	26	
90	1	2	3	4	5	7	8	9	10	11	12	13	14	15	16	17	18	19	20	22	23	24	25	26	27	
91	2	3	4	5	6	7	8	9	10	11	12	13	14	15	17	18	19	22	23	24	25	27	
92	1	2	3	4	5	7	8	9	10	11	12	13	14	15	17	18	19	20	21	22	23	24	25	26	27	
93	1	3	4	5	6	7	8	9	10	11	12	13	14	16	17	19	20	21	22	24	25	26	27	
94	2	3	4	5	7	9	10	11	12	13	14	15	16	17	18	19	23	25	27	
95	1	3	4	5	6	7	8	9	10	11	12	14	16	17	19	20	21	22	24	25	26	27	
96	1	2	4	5	7	8	9	10	11	12	13	14	15	17	18	19	20	21	25	26	27	
97	1	2	3	4	5	7	8	9	10	11	12	13	14	15	17	18	19	22	23	24	25	26	27	
98	1	2	3	4	5	6	7	8	9	11	12	13	14	15	16	17	18	19	20	21	22	23	24	25	26	
99	1	2	3	4	5	7	8	9	10	11	12	13	15	18	19	20	21	23	25	26	27	
100	1	2	3	4	5	6	7	9	11	12	13	14	15	16	17	18	19	20	21	22	23	24	25	26	27	
101	2	3	4	5	7	8	9	10	11	12	13	14	15	16	17	18	19	21	22	23	24	25	26	
102	1	2	4	5	7	9	10	11	12	13	14	15	17	18	19	20	21	23	24	25	27	
103	1	2	3	4	5	7	8	9	11	12	14	15	17	18	19	20	21	22	23	24	25	26	
104	1	2	3	4	5	6	7	8	9	10	11	12	13	14	15	17	18	19	20	22	23	24	25	26	27	
105	1	2	4	5	7	8	9	10	11	12	13	14	15	17	18	19	20	23	25	
106	1	2	3	4	5	6	7	9	10	11	12	13	14	15	16	17	18	19	20	21	23	24	25	26	27	
107	2	3	4	5	6	7	8	9	10	11	12	13	14	15	17	18	19	20	21	22	23	24	25	27	
108	2	4	5	7	8	9	11	12	15	16	18	19	20	21	23	25	26	
109	1	2	3	4	5	6	7	8	9	10	11	12	13	14	15	17	18	19	20	21	22	23	25	26	27	
110	1	2	4	5	7	8	9	11	12	13	14	15	17	18	19	23	25	27	
111	2	4	5	7	8	9	10	11	12	13	14	15	17	18	19	20	23	25	26	27	
112	1	2	4	5	7	8	9	10	11	12	13	14	15	17	18	19	23	25	26	27	
113	1	2	3	4	5	7	8	9	10	11	12	13	14	15	17	18	19	20	21	22	23	24	25	26	27	
114	1	2	3	4	5	7	8	9	11	12	13	14	15	17	18	19	20	21	23	25	26	27	
115	1	2	4	5	6	7	8	9	11	12	13	14	15	17	18	19	20	23	25	
116	1	2	3	4	5	7	8	9	10	11	12	13	14	15	16	17	18	19	20	21	22	23	25	26	27	
117	1	2	3	4	5	7	8	9	11	12	13	14	15	17	18	19	20	21	22	23	25	26	27	
118	1	2	3	4	5	6	7	8	9	10	11	12	13	14	15	16	17	18	19	23	25	26	27	
119	1	2	3	4	5	6	7	8	9	10	11	12	13	14	15	17	18	19	20	22	23	25	26	
120	1	2	3	4	5	6	7	8	9	10	11	12	13	14	15	17	18	19	20	22	23	24	25	26	27	
121	1	2	3	4	5	7	8	9	10	11	12	13	14	15	16	17	18	19	20	21	23	24	25	26	27	
122	1	2	4	5	7	8	9	10	11	12	13	14	15	16	17	18	19	20	21	23	24	25	26	27	
123	1	2	3	4	5	6	7	8	9	10	11	12	13	15	16	18	19	20	21	22	23	24	25	26	27	
124	1	2	4	5	7	8	9	10	11	12	13	14	15	17	18	19	20	21	23	24	25	26	27	
125	1	2	3	4	5	6	7	8	9	11	12	13	14	15	16	17	18	19	20	21	22	23	24	25	26	
126	1	2	3	4	5	6	7	8	9	11	12	13	14	15	17	18	19	20	21	22	23	24	25	26	
127	1	2	3	4	5	6	7	8	9	11	12	13	14	15	16	17	18	19	20	21	22	24	25	26	27	
128	1	2	3	4	5	7	9	10	11	12	13	14	15	16	17	18	19	20	21	22	23	25	26	27	
129	1	2	3	4	5	7	8	9	11	12	13	14	15	17	18	19	20	21	23	24	25	27	
130	1	3	4	5	7	8	9	10	11	12	19	20	25	
131	4	5	7	8	9	11	12	13	14	17	19	25	26	27	
132	1	3	4	5	6	7	8	9	10	12	13	14	16	17	19	21	22	24	25	27	
133	1	2	3	4	5	6	7	8	9	11	12	13	14	15	16	17	18	19	20	22	23	24	25	26	27	
134	1	2	3	4	5	7	8	9	10	11	12	13	14	15	17	18	19	20	21	22	23	24	25	26	27	
135	1	2	3	4	5	7	8	9	10	11	12	13	14	15	17	18	19	20	25	26	27	
136	1	2	3	4	5	6	7	8	9	10	11	12	13	14	15	17	18	19	20	21	23	25	26	27	
137	1	2	3	4	5	6	7	8	9	11	12	13	14	15	17	18	19	20	21	22	23	24	25	26	27	
138	1	2	3	4	5	6	7	8	9	11	12	13	14	15	17	18	19	20	21	22	23	24	25	26	27	
139	1	2	3	4	5	6	7	8	9	10	11	12	13	14	15	17	18	19	21	22	23	24	25	26	27	
140	1	2	3	4	5	7	8	9	10	11	12	13	14	15	17	18	19	20	21	25	26	27	
141	1	4	5	7	8	9	10	11	12	13	14	17	19	21	24	25	26	27	
142	1	2	4	5	6	7	8	9	10	11	12	13	14	15	17	18	19	20	21	22	23	24	25	26	
143	1	2	3	4	5	6	7	8	9	10	11	12	13	14	15	16	17	18	19	20	21	23	25	26	27	
144	1	2	3	4	5	7	8	9	10	11	12	13	14	15	16	17	18	19	20	21	23	24	25	26	27	
145	1	2	3	4	5	6	7	8	9	11	12	13	14	15	16	17	18	19	20	22	23	24	25	
146	2	4	5	7	9	10	11	12	13	14	15	17	18	19	20	23	24	25	27	
147	1	2	3	4	5	6	7	8	9	10	11	12	13	15	16	18	19	20	21	22	23	24	25	26	27	
148	3	4	5	7	9	10	11	12	13	14	17	19	25	26	27	
149	1	2	3	4	5	6	7	8	9	10	11	12	13	14	15	17	18	19	20	21	23	24	25	26	27	
150	2	3	4	5	6	7	8	9	10	11	12	13	14	15	16	17	18	19	20	22	23	24	25	26	27	
151	1	2	3	4	5	7	8	9	10	11	12	13	14	15	16	17	18	19	20	21	23	24	25	26	27	
152	1	3	4	5	6	7	8	9	10	11	12	13	14	17	19	20	21	22	24	25	26	27	
153	1	2	3	4	5	7	8	9	10	11	12	13	14	15	16	17	18	19	20	21	22	23	25	26	27	
154	2	3	4	5	7	8	9	10	11	12	13	14	15	17	18	19	20	23	25	27	
155	1	2	3	4	5	6	7	8	9	10	11	12	13	14	15	17	18	19	20	21	23	24	25	26	27	
156	1	2	3	4	5	7	8	9	10	11	12	13	14	15	17	18	19	20	21	25	26	27	
157	1	2	3	4	5	7	8	9	10	11	12	13	14	15	16	17	18	19	20	21	22	23	24	25	26	
158	1	3	4	5	7	8	9	10	11	12	13	14	17	19	20	21	25	26	27	
159	1	2	3	4	5	7	8	9	10	11	12	13	14	15	17	18	19	20	21	22	23	24	25	26	27	
160	1	2	3	4	5	7	8	9	10	11	12	13	14	15	17	18	19	20	21	23	25	26	27	
161	1	2	3	4	5	6	7	8	9	10	11	12	13	14	15	16	17	18	19	20	21	23	25	26	27	
162	1	2	3	4	5	6	7	8	9	11	12	13	14	15	17	18	19	20	21	22	23	24	25	26	27	
163	1	2	3	4	5	6	7	9	10	11	12	13	14	15	17	18	19	20	22	23	24	25	26	27	
164	1	2	3	4	5	7	8	9	10	11	12	13	14	15	17	18	19	23	25	27	
165	1	2	3	4	5	6	7	8	9	11	12	13	14	15	17	18	19	20	21	22	23	24	25	26	27	
166	1	2	4	5	6	7	8	9	10	11	12	13	14	15	17	18	19	20	21	22	23	24	25	26	
167	1	2	3	4	5	6	7	8	9	10	11	12	13	14	15	17	18	19	20	21	22	23	25	26	27	
168	1	2	3	4	5	7	8	9	10	11	12	13	14	15	17	18	19	20	21	22	23	24	25	26	27	
169	1	2	3	4	5	7	8	9	11	12	13	14	15	17	18	19	21	23	25	26	
170	1	2	4	5	6	7	8	9	10	11	12	13	14	15	17	18	19	20	22	23	24	25	27	
171	1	2	3	4	5	6	7	8	9	11	12	13	14	15	16	17	18	19	20	21	22	23	24	25	26	27	
172	1	2	3	4	5	6	7	8	9	10	11	12	13	14	15	17	18	19	20	22	23	24	25	26	27	
173	1	2	4	5	6	7	8	9	10	11	12	13	14	15	17	18	19	20	22	23	24	25	26	
174	1	2	4	5	7	8	9	10	11	12	13	14	15	16	17	18	19	20	21	22	23	24	25	26	27	
175	1	3	4	5	6	7	8	9	10	11	12	13	14	17	19	20	21	22	24	25	26	27	
176	1	2	3	4	5	6	7	9	10	11	12	13	14	15	16	17	18	19	20	22	23	24	25	26	27	
177	1	2	3	4	5	7	8	9	10	11	12	13	14	15	16	17	18	19	20	22	23	25	26	27	
178	2	3	4	5	6	7	8	9	10	11	12	13	14	15	16	17	18	19	20	22	23	24	25	26	27	
179	1	2	3	4	5	7	8	9	10	11	12	13	14	15	17	18	19	20	21	22	23	24	25	26	27	
180	1	2	4	5	7	8	9	10	11	12	14	15	17	18	19	20	21	23	25	27	
181	1	2	3	4	5	6	7	8	9	10	11	12	13	14	15	17	18	19	20	21	22	23	24	25	
182	1	2	3	4	5	7	8	9	10	11	12	13	14	15	17	18	19	20	23	24	25	26	27	
183	1	2	3	4	5	7	8	9	10	11	12	13	14	15	16	17	18	19	20	21	22	23	25	26	27	
184	1	2	3	4	5	7	8	9	10	11	12	13	14	15	17	18	19	20	21	22	23	24	25	26	27	
185	1	2	3	4	5	6	7	8	9	11	12	13	14	15	16	17	18	19	20	22	23	24	25	26	27	
186	1	2	4	5	7	8	9	12	13	14	15	17	18	19	20	21	22	23	24	25	26	
187	1	2	3	4	5	7	8	9	10	11	12	13	14	15	17	18	19	20	21	23	24	25	26	27	
188	1	2	3	4	5	6	7	8	9	10	11	12	13	14	15	17	18	19	20	21	23	24	25	
189	2	3	4	5	6	7	8	9	11	12	13	14	15	17	18	19	20	22	23	24	25	
190	1	2	3	4	5	7	8	9	10	11	12	13	14	15	17	18	19	23	25	27	
191	1	2	3	4	5	7	9	10	11	12	13	14	15	16	17	18	19	20	21	22	23	25	26	27	
192	1	2	3	4	5	6	7	8	9	10	11	12	13	14	15	17	18	19	20	21	22	23	24	25	27	
193	1	2	3	4	5	7	8	9	10	11	12	13	14	15	17	18	19	20	21	23	24	25	27	
194	1	2	3	4	5	7	8	9	10	11	12	13	14	15	17	18	19	20	21	22	23	24	25	26	27	
195	1	2	3	4	5	7	8	9	10	11	12	13	14	15	17	18	19	20	21	22	24	25	26	27	
196	1	2	4	5	6	7	8	9	11	12	13	14	15	17	18	19	20	21	23	25	26	27	
197	1	2	4	5	6	7	8	9	10	11	12	13	14	15	17	18	19	20	21	22	23	24	25	26	27	
198	1	2	4	5	7	8	9	10	11	12	13	14	15	17	18	19	20	21	25	26	27	
199	1	2	4	5	6	7	8	9	10	11	12	13	14	15	17	18	19	20	22	23	24	25	26	27	
200	4	5	7	9	10	11	12	14	17	19	25	27	
201	1	2	4	5	7	8	9	10	11	12	13	14	15	16	17	18	19	20	21	22	23	25	26	27	
202	1	2	4	5	7	8	9	10	11	12	13	14	15	17	18	19	20	21	23	25	26	27	
203	1	2	3	4	5	7	8	9	10	11	12	13	14	15	16	17	18	19	20	21	23	25	26	27	
204	1	3	4	5	7	8	9	10	11	12	13	14	17	19	20	21	22	24	25	26	27	
205	2	3	4	5	6	7	8	9	10	11	12	13	14	15	17	18	19	20	22	23	24	25	27	
206	4	5	6	7	9	10	11	12	13	14	17	19	20	22	24	25	
207	1	2	3	4	5	6	7	8	9	10	11	12	13	14	15	17	18	19	20	22	23	24	25	26	27	
208	1	2	3	4	5	6	7	8	9	10	11	12	13	14	15	17	18	19	20	21	23	24	25	26	27	
209	1	2	3	4	5	6	7	9	10	11	12	13	14	15	16	17	18	19	20	21	23	24	25	26	27	
210	1	2	4	5	6	7	8	9	10	11	12	13	14	15	17	18	19	20	21	22	23	24	25	26	27	
211	2	3	4	5	7	8	9	10	11	12	14	15	17	18	19	23	25	27	
212	1	2	3	4	5	6	7	8	9	10	11	12	13	14	15	17	18	19	20	22	23	24	25	26	27	
213	1	2	3	4	5	7	8	9	10	11	12	13	14	15	16	17	18	19	20	21	22	23	25	26	27	
214	1	2	4	5	6	7	8	9	10	11	12	13	14	15	17	18	19	20	21	24	25	26	
215	1	2	3	4	5	7	8	9	10	11	12	13	14	15	16	17	18	19	20	21	22	23	24	25	26	
216	1	2	3	4	5	7	8	9	10	11	12	13	14	15	17	18	19	20	22	23	24	25	26	27	
217	1	2	3	4	5	7	8	9	10	11	12	13	14	15	17	18	19	20	21	23	24	25	26	27	
218	1	2	3	4	5	6	7	8	9	10	11	12	13	14	15	17	18	19	20	21	22	23	24	25	27	
219	1	2	3	4	5	6	7	8	9	12	13	14	15	17	18	19	20	21	23	24	25	26	
220	1	2	3	4	5	7	8	9	10	11	12	13	14	15	16	17	18	19	20	21	23	25	26	27	
221	1	4	5	6	7	9	10	11	12	13	16	19	20	22	24	25	26	27	
222	1	2	3	4	5	7	8	9	11	12	13	14	15	16	17	18	19	20	21	22	23	24	25	26	
223	1	2	4	5	6	7	8	9	10	11	12	13	14	15	17	18	19	20	23	24	25	26	
224	1	4	5	7	8	9	10	11	12	13	14	17	19	25	
225	1	3	4	5	7	8	9	11	12	13	14	17	19	25	
226	2	3	4	5	7	8	9	10	11	12	13	14	15	17	18	19	20	23	25	
227	1	2	4	5	7	8	9	10	11	12	13	14	15	17	18	19	20	21	22	23	25	26	
228	1	2	3	4	5	6	7	8	9	10	11	12	13	14	15	17	18	19	20	21	24	25	26	27	
229	1	3	4	5	7	9	10	11	12	13	14	17	19	20	21	22	25	26	27	
230	1	2	3	4	5	6	7	8	9	10	11	12	13	14	15	16	17	18	19	21	22	23	24	25	26	
231	1	2	3	4	5	7	8	9	10	11	12	13	14	15	17	18	19	21	23	25	26	27	
232	1	2	3	4	5	7	8	9	10	11	12	13	14	15	16	17	18	19	20	21	23	24	25	26	
233	1	2	3	4	5	6	7	8	9	10	11	12	13	14	15	17	18	19	20	21	23	25	26	27	
234	1	3	4	5	6	7	8	9	10	11	12	13	14	17	19	20	22	24	25	27	
235	1	2	3	4	5	6	7	9	10	12	13	14	15	16	17	18	19	20	21	22	23	24	25	26	27	
236	1	3	4	5	6	7	8	9	10	11	12	13	14	17	19	20	21	22	24	25	26	27	
237	1	2	3	4	5	7	8	9	10	11	12	13	14	15	16	17	18	19	20	21	23	25	26	27	
238	1	3	4	5	6	7	8	9	10	11	12	13	14	17	19	20	21	22	24	25	26	27	
239	1	2	4	5	6	7	8	9	10	11	12	13	14	15	16	17	18	19	20	22	23	24	25	26	27	
240	1	2	4	5	7	8	9	10	11	12	14	15	17	18	19	21	23	25	26	27	
241	1	2	3	4	5	6	7	8	9	10	11	12	13	14	15	17	18	19	20	21	22	23	24	25	26	
242	1	2	3	4	5	6	7	8	9	10	11	12	13	14	15	17	18	19	20	21	25	26	27	
243	1	2	3	4	5	7	8	9	10	11	12	13	14	15	17	18	19	20	21	22	23	24	25	26	
244	1	2	3	4	5	7	8	9	10	11	12	13	14	15	17	18	19	20	21	25	27	
245	1	2	3	4	5	7	8	9	10	11	12	13	14	15	17	18	19	20	21	22	23	24	25	26	
246	1	3	4	5	6	7	8	9	10	11	12	13	14	16	17	19	20	21	22	24	25	26	27	
247	1	3	4	5	6	7	8	9	10	11	12	13	14	17	19	20	22	24	25	26	27	
248	1	2	3	4	5	6	7	8	9	11	12	13	14	15	16	17	18	19	20	21	22	23	24	25	26	
249	1	2	3	4	5	7	8	9	10	11	12	13	14	15	16	17	18	19	20	21	23	25	26	27	
250	1	3	4	5	7	8	9	10	11	12	13	14	16	17	19	20	21	22	25	26	27	
251	1	2	3	4	5	7	8	9	10	11	12	13	14	15	17	18	19	20	21	22	23	24	25	26	27	
252	1	2	3	4	5	7	8	9	10	11	12	13	14	15	16	17	18	19	20	21	23	25	26	27	
253	1	2	3	4	5	6	7	8	9	10	11	12	13	14	15	17	18	19	20	21	22	23	25	26	27	
254	1	2	3	4	5	6	7	8	9	10	11	12	13	14	15	17	18	19	20	21	23	25	26	27	
255	1	2	3	4	5	7	8	9	10	11	12	14	15	17	18	19	23	25	26	27	
256	1	2	3	4	5	7	8	9	10	11	12	13	14	15	17	18	19	20	21	22	24	25	26	27	
257	1	2	3	4	5	7	8	9	10	11	12	13	14	15	17	18	19	20	21	22	23	25	26	27	
258	1	2	4	5	6	7	8	9	10	11	12	13	14	15	17	18	19	20	21	22	23	24	25	26	
259	1	2	4	5	7	8	9	10	11	12	13	14	15	17	18	19	23	25	27	
260	1	2	3	4	5	6	7	8	9	11	12	13	14	15	16	17	18	19	20	21	22	24	25	26	27	
261	2	3	4	5	6	7	8	9	10	11	12	13	14	15	17	18	19	20	21	22	23	24	25	26	27	
262	1	3	4	5	6	7	8	9	10	11	12	13	16	19	20	21	22	24	25	26	27	
263	1	2	3	4	5	7	9	10	11	12	13	15	16	18	19	20	23	24	25	26	
264	1	2	3	4	5	6	7	8	9	10	11	12	13	14	15	17	18	19	20	22	23	24	25	27	
265	1	2	3	4	5	7	8	9	10	11	12	13	14	15	17	18	19	20	22	23	25	27	
266	1	2	4	5	6	7	8	9	10	11	12	13	14	15	17	18	19	20	21	22	23	24	25	26	27	
267	1	2	3	4	5	6	7	8	9	10	11	12	13	14	15	16	17	18	19	20	21	23	25	26	27	
268	1	2	3	4	5	6	7	9	10	11	12	13	14	15	17	18	19	21	22	23	24	25	26	27	
269	2	4	5	6	7	8	9	10	11	12	13	14	15	17	18	19	22	23	24	25	
270	1	3	4	5	7	8	9	11	12	13	14	17	19	20	25	27	
271	1	2	3	4	5	7	8	9	10	11	12	13	14	15	17	18	19	20	21	22	23	24	25	26	27	
272	2	4	5	7	8	9	10	11	12	13	14	15	17	18	19	23	25	
273	1	2	3	4	5	7	8	9	10	11	12	13	14	15	17	18	19	20	21	23	24	25	26	27	
274	1	2	3	4	5	7	8	9	10	11	12	14	15	16	17	18	19	20	21	23	25	26	27	
275	1	2	4	5	6	7	8	9	10	11	12	13	14	15	17	18	19	20	21	22	23	24	25	26	27	
276	1	2	3	4	5	6	7	8	9	11	12	13	14	15	17	18	19	20	21	22	23	24	25	26	27	
277	1	2	3	4	5	7	8	9	10	11	12	13	14	15	17	18	19	20	21	25	26	
278	1	2	4	5	6	7	8	9	11	12	13	14	15	17	18	19	20	21	23	25	27	
279	1	3	4	5	7	8	9	10	11	12	13	19	25	26	27	
280	1	2	3	4	5	6	7	8	9	10	11	12	13	15	16	18	19	20	21	22	23	24	25	26	27	
281	1	2	3	4	5	6	7	8	9	10	11	12	13	14	15	16	17	18	19	20	23	24	25	26	27	
282	1	2	3	4	5	6	7	8	9	11	12	13	14	15	17	18	19	20	22	23	24	25	26	27	
283	1	2	3	4	5	6	7	8	9	11	12	13	14	15	16	17	18	19	20	22	23	24	25	26	27	
284	1	2	3	4	5	6	7	9	10	11	12	13	14	15	17	18	19	20	21	22	23	24	25	26	27	
285	1	2	3	4	5	6	7	8	9	10	11	12	13	14	15	17	18	19	20	22	23	24	25	26	27	
286	1	2	3	4	5	7	8	9	10	11	12	13	14	15	16	17	18	19	20	21	23	25	26	27	
287	1	2	3	4	5	7	8	9	10	11	12	13	14	15	16	17	18	19	20	22	23	24	25	26	27	
288	1	2	3	4	5	7	8	9	10	11	12	13	14	15	17	18	19	20	21	25	26	27	
289	4	5	7	8	9	10	11	12	19	25	
290	1	2	3	4	5	7	8	9	10	11	12	13	14	15	16	17	18	19	20	21	23	25	26	27	
291	1	2	3	4	5	6	7	8	9	10	11	12	13	14	15	16	17	18	19	20	21	23	25	26	27	
292	1	2	3	4	5	7	8	9	10	11	12	13	14	15	17	18	19	20	21	23	24	25	26	27	
293	2	4	5	7	8	9	11	12	13	14	15	17	18	19	20	23	25	26	
294	1	2	3	4	5	7	8	9	10	11	12	13	14	15	17	18	19	20	21	23	25	26	27	
295	4	5	7	8	9	10	11	12	13	19	25	27	
296	1	3	4	5	7	8	9	10	11	12	13	14	17	19	20	25	26	27	
297	1	2	3	4	5	7	9	10	11	12	13	14	15	17	18	19	20	21	22	24	25	26	27	
298	1	2	3	4	5	7	8	9	10	11	12	13	14	15	16	17	18	19	21	22	23	24	25	26	27	
299	1	2	4	5	6	7	8	9	10	11	12	13	14	15	17	18	19	20	21	22	23	24	25	26	27	
300	1	2	3	4	5	6	7	8	9	10	11	12	13	14	15	17	18	19	20	22	23	24	25	26	27	
301	1	2	3	4	5	6	7	8	9	10	11	12	13	14	15	17	18	19	20	21	22	24	25	26	27	
302	1	2	3	4	5	6	7	8	9	10	11	12	13	14	15	17	18	19	20	22	23	24	25	26	27	
303	1	2	4	5	7	8	9	10	11	12	13	14	15	17	18	19	20	21	23	24	25	26	27	
304	2	3	4	5	7	8	9	10	11	12	13	15	18	19	20	25	27	
305	1	2	3	4	5	7	8	9	10	11	12	13	14	15	16	17	18	19	20	22	23	24	25	26	27	
306	1	2	3	4	5	7	8	9	11	12	13	14	15	16	17	18	19	20	21	23	25	27	
307	1	2	3	4	5	6	7	8	9	10	11	12	13	14	15	17	18	19	20	21	22	23	24	25	26	
308	1	2	4	5	7	8	9	11	12	13	14	15	17	18	19	20	21	22	23	24	25	26	
309	1	3	4	5	6	7	9	10	11	12	13	14	17	19	20	21	22	24	25	26	27	
310	1	2	3	4	5	7	8	9	10	11	12	13	14	15	17	18	19	20	21	23	24	25	26	27	
311	1	2	3	4	5	6	7	8	9	11	12	13	14	15	17	18	19	20	21	22	23	24	25	26	27	
312	1	2	3	4	5	7	8	9	10	11	12	13	14	15	17	18	19	20	21	23	24	25	26	27	
313	1	2	3	4	5	6	7	9	10	11	12	13	14	15	17	18	19	20	21	23	25	26	27	
314	1	2	3	4	5	7	8	9	10	11	12	14	15	17	18	19	20	21	22	23	24	25	26	27	
315	2	4	5	7	8	9	10	11	12	14	15	17	18	19	20	22	23	25	27	
316	1	2	3	4	5	6	7	8	9	10	11	12	13	14	15	17	18	19	20	22	23	24	25	26	27	
317	1	2	3	4	5	6	7	8	9	11	12	13	14	15	17	18	19	20	21	22	23	24	25	26	27	
318	4	5	7	8	9	10	11	12	13	14	17	19	25	27	
319	1	4	5	6	7	8	9	10	11	12	13	14	17	19	20	21	22	24	25	26	27	
320	1	2	3	4	5	7	8	9	11	12	13	14	15	17	18	19	20	21	22	23	24	25	26	27	
321	1	3	4	5	6	7	8	9	10	11	12	16	19	20	21	22	24	25	26	27	
322	1	2	4	5	6	7	8	9	10	11	12	13	14	15	17	18	19	20	21	22	23	24	25	26	27	
323	1	3	4	5	7	8	9	10	11	12	14	17	19	21	25	26	
324	1	2	3	4	5	6	7	8	9	10	11	12	13	14	15	17	18	19	20	21	22	24	25	26	27	
325	1	2	3	4	5	7	8	9	10	11	12	13	14	15	16	17	18	19	20	23	25	26	27	
326	1	2	3	4	5	7	8	9	10	11	12	13	14	15	17	18	19	23	24	25	26	27	
327	1	2	4	5	7	8	9	11	12	13	14	15	16	17	18	19	23	25	26	27	
328	2	3	4	5	7	8	9	10	11	12	13	14	15	17	18	19	21	23	25	26	27	
329	1	2	3	4	5	6	7	8	9	10	11	12	13	14	15	17	18	19	20	21	22	24	25	26	27	
330	2	3	4	5	7	8	9	10	11	12	13	14	15	17	18	19	20	21	25	26	27	
331	1	2	3	4	5	6	7	9	10	11	12	13	14	15	17	18	19	20	21	22	23	24	25	26	27	
332	1	2	3	4	5	6	7	8	9	10	11	12	13	14	15	17	18	19	20	21	22	23	24	25	26	
333	1	2	3	4	5	7	8	9	10	11	12	13	14	15	17	18	19	20	21	22	23	24	25	26	27	
334	1	2	3	4	5	7	8	9	10	11	12	13	14	15	17	18	19	20	21	22	24	25	26	27	
335	1	2	3	4	5	7	8	9	10	11	12	13	14	15	17	18	19	20	21	22	24	25	27	
336	1	3	4	5	7	9	10	11	12	13	14	16	17	19	20	21	22	24	25	26	27	
337	1	2	3	4	5	6	7	8	9	10	11	12	13	14	15	17	18	19	20	21	23	24	25	26	27	
338	1	2	3	4	5	6	7	8	9	10	11	12	13	14	15	17	18	19	20	21	22	23	24	25	26	
339	1	2	3	4	5	6	7	8	9	10	11	12	13	14	15	17	18	19	20	21	22	23	24	25	26	
340	1	2	3	4	5	7	8	9	10	11	12	13	14	15	17	18	19	20	21	22	23	24	25	26	27	
341	1	2	3	4	5	7	8	9	10	11	12	13	14	15	17	18	19	20	21	22	23	24	25	26	27	
342	1	2	3	4	5	6	7	8	9	10	11	12	13	14	15	17	18	19	20	21	22	23	25	26	27	
343	1	2	3	4	5	6	7	8	9	10	11	12	13	14	15	17	18	19	20	21	23	24	25	26	27	
344	1	2	4	5	6	7	8	9	10	11	12	13	14	15	17	18	19	20	21	22	23	24	25	26	27	
345	2	4	5	6	7	8	9	10	11	12	13	14	15	17	18	19	20	21	22	24	25	
346	1	2	4	5	7	8	9	11	12	13	14	15	17	18	19	23	25	
347	1	2	4	5	7	8	9	10	11	12	13	14	15	17	18	19	20	25	26	27	
348	2	3	4	5	6	7	8	9	10	11	12	13	14	15	16	17	18	19	20	23	25	27	
349	1	3	4	5	6	7	8	9	10	11	12	13	14	16	17	19	20	21	22	24	25	26	27	
350	1	2	4	5	6	7	8	9	11	12	13	14	15	16	17	18	19	20	21	22	23	24	25	26	27	
351	1	2	3	4	5	6	7	8	9	11	12	13	14	15	17	18	19	20	21	22	23	24	25	26	27	
352	2	3	4	5	6	7	8	9	10	11	12	13	14	15	17	18	19	22	23	24	25	27	
353	1	2	3	4	5	6	7	8	9	10	11	12	13	14	15	17	18	19	20	22	23	24	25	26	27	
354	1	2	4	5	7	8	9	10	11	12	13	14	15	17	18	19	20	22	23	24	25	26	27	
355	1	2	3	4	5	6	7	8	9	11	12	13	14	15	17	18	19	20	21	22	23	24	25	26	27	
356	1	2	3	4	5	6	7	8	9	10	11	12	13	14	15	17	18	19	20	21	22	23	25	26	
357	1	2	3	4	5	7	8	9	10	11	12	13	14	15	16	17	18	19	20	21	23	25	26	27	
358	2	3	4	5	7	9	10	11	12	13	14	15	17	18	19	20	21	22	23	25	27	
359	1	2	3	4	5	6	7	8	9	11	12	13	14	15	17	18	19	20	21	22	23	24	25	26	27	
360	2	3	4	5	7	8	9	10	11	12	13	14	15	17	18	19	20	23	25	27	
361	2	4	5	7	8	9	10	11	12	13	14	15	17	18	19	20	25	26	
362	1	2	3	4	5	6	7	8	9	11	12	13	14	15	17	18	19	20	21	22	23	24	25	26	27	
363	1	2	3	4	5	6	7	8	9	11	12	13	14	15	17	18	19	20	21	22	23	24	25	26	27	
364	1	4	5	7	8	9	10	11	12	13	14	17	19	20	24	25	26	27	
365	2	3	4	5	6	7	9	10	11	12	13	14	15	17	18	19	20	22	24	25	
366	1	2	4	5	6	7	9	10	11	12	13	14	15	17	18	19	20	21	22	23	24	25	26	
367	2	3	4	5	7	8	9	10	11	12	13	14	15	17	18	19	20	22	23	25	26	27	
368	1	2	3	4	5	7	8	9	10	11	12	13	14	15	17	18	19	20	21	23	24	25	27	
369	2	3	4	5	6	7	8	9	10	11	12	13	14	15	17	18	19	22	23	24	25	
370	1	2	3	4	5	6	7	8	9	10	11	12	13	15	16	18	19	20	21	22	23	24	25	26	27	
371	1	2	4	5	6	7	8	9	10	11	12	13	14	15	17	18	19	20	21	22	24	25	26	27	
372	1	2	3	4	5	6	7	8	9	10	11	12	13	14	15	17	18	19	20	21	22	23	24	25	26	
373	1	2	3	4	5	6	7	8	9	10	11	12	13	14	15	17	18	19	20	22	23	24	25	26	27	
374	1	2	3	4	5	7	9	10	11	12	13	14	15	17	18	19	20	22	23	24	25	26	27	
375	1	2	3	4	5	6	7	8	9	10	11	12	13	15	16	18	19	20	21	22	23	24	25	26	27	
376	1	2	3	4	5	6	7	8	9	11	12	13	14	15	17	18	19	20	21	22	23	24	25	26	27	
377	1	2	3	4	5	7	8	9	10	11	12	13	14	15	17	18	19	20	21	23	24	25	26	27	
378	1	2	3	4	5	6	7	8	9	10	11	12	13	14	15	16	17	18	19	20	22	23	24	25	27	
379	1	2	3	4	5	7	8	9	10	11	12	14	15	17	18	19	20	21	22	23	24	25	27	
380	4	5	7	9	11	12	13	14	17	19	25	
381	1	2	3	4	5	7	8	9	10	11	12	13	14	15	17	18	19	20	21	23	24	25	26	27	
382	2	3	4	5	6	7	8	9	10	11	12	13	14	15	17	18	19	21	22	24	25	26	
383	1	2	4	5	6	7	8	9	10	11	12	13	14	15	17	18	19	20	21	22	23	25	26	
384	2	4	5	6	7	8	9	11	12	13	14	15	17	18	19	20	22	23	24	25	
385	1	3	4	5	6	7	8	9	10	11	12	13	14	16	17	19	20	21	22	24	25	26	27	
386	1	2	3	4	5	6	7	8	9	11	12	13	14	15	17	18	19	20	21	22	23	24	25	26	27	
387	1	2	3	4	5	7	8	9	10	11	12	13	14	15	16	17	18	19	20	21	22	23	24	25	26	
388	1	2	3	4	5	7	8	9	10	11	12	13	14	15	17	18	19	20	21	23	24	25	26	
389	1	2	4	5	6	7	8	9	10	11	12	13	14	15	17	18	19	20	21	22	23	24	25	26	27	
390	1	2	3	4	5	7	9	10	11	12	13	14	15	17	18	19	20	23	25	27	
391	1	2	3	4	5	7	9	10	11	12	13	14	15	17	18	19	20	21	22	24	25	26	27	
392	1	3	4	5	6	7	8	9	10	11	12	13	14	16	17	19	20	21	22	25	26	27	
393	1	2	3	4	5	6	7	8	9	11	12	13	14	15	17	18	19	20	21	22	23	25	26	
394	1	2	3	4	5	6	7	8	9	10	11	12	13	14	15	17	18	19	20	21	22	23	24	25	26	
395	1	2	3	4	5	6	7	9	10	11	12	13	14	15	17	18	19	20	22	23	24	25	26	27	
396	1	2	3	4	5	7	8	9	10	11	12	14	15	17	18	19	20	23	24	25	26	27	
397	1	2	3	4	5	7	8	9	10	11	12	13	15	18	19	20	21	23	25	26	27	
398	1	3	4	5	7	8	9	10	11	12	13	14	17	19	25	26	27	
399	1	2	3	4	5	6	7	8	9	11	12	13	14	15	16	17	18	19	20	22	23	24	25	26	27	
400	1	2	4	5	7	8	9	10	11	12	13	15	18	19	21	23	25	26	27	
401	1	3	4	5	6	7	8	9	10	11	12	13	14	16	17	19	20	21	22	24	25	26	27	
402	1	2	3	4	5	7	9	10	11	12	13	14	15	16	17	18	19	20	21	22	23	24	25	26	27	
403	1	2	3	4	5	7	8	9	10	11	12	13	14	15	16	17	18	19	20	21	23	25	26	27	
404	1	2	4	5	6	7	8	9	10	11	12	13	14	15	17	18	19	20	21	22	23	24	25	26	27	
405	1	2	3	4	5	6	7	8	9	11	12	13	14	15	17	18	19	20	21	22	23	24	25	26	27	
406	1	3	4	5	7	8	9	10	11	12	13	14	17	19	20	21	22	24	25	26	27	
407	1	2	3	4	5	6	7	8	9	11	12	13	14	15	17	18	19	20	21	22	23	24	25	26	27	
408	1	2	3	4	5	6	7	9	10	11	12	13	14	15	17	18	19	20	21	22	23	24	25	26	27	
409	1	2	3	4	5	6	7	8	9	10	11	12	13	14	15	16	17	18	19	20	22	23	24	25	26	
410	1	3	4	5	7	8	9	10	11	12	13	14	17	19	20	21	25	26	27	
411	1	2	3	4	5	6	7	8	9	10	11	12	13	14	15	17	18	19	20	22	23	24	25	26	27	
412	1	2	3	4	5	7	9	10	11	12	13	14	15	16	17	18	19	20	21	22	23	24	25	26	27	
413	1	3	4	5	6	7	8	9	10	11	12	13	14	16	17	19	20	21	22	24	25	27	
414	1	2	3	4	5	6	7	9	10	11	12	13	14	15	17	18	19	20	21	22	23	24	25	26	27	
415	1	2	3	4	5	6	7	8	9	10	11	12	13	14	15	16	17	18	19	20	21	23	24	25	26	
416	1	2	4	5	6	7	8	9	10	11	12	13	14	15	17	18	19	20	21	22	23	24	25	26	27	
417	1	2	3	4	5	6	7	8	9	10	11	12	13	14	15	17	18	19	20	21	24	25	26	27	
418	1	2	3	4	5	6	7	8	9	11	12	13	14	15	17	18	19	20	21	22	23	24	25	26	27	
419	1	2	3	4	5	6	7	8	9	10	11	12	13	14	15	17	18	19	20	21	22	23	25	26	27	
420	1	2	3	4	5	6	7	8	9	10	11	12	13	14	15	16	17	18	19	20	22	23	25	26	27	
421	1	3	4	5	7	8	9	10	11	12	13	14	16	17	19	20	22	25	26	
422	1	2	3	4	5	6	7	8	9	10	11	12	13	14	15	17	18	19	20	21	22	24	25	26	27	
423	1	2	3	4	5	7	8	9	11	12	13	14	15	17	18	19	20	21	23	25	26	
424	1	2	3	4	5	7	9	10	11	12	13	14	15	16	17	18	19	20	21	23	25	26	27	
425	1	3	4	5	7	8	9	10	11	12	13	14	17	19	20	25	26	27	
426	1	2	3	4	5	6	7	9	10	11	12	13	14	15	17	18	19	20	21	22	23	24	25	26	27	
427	1	2	3	4	5	7	8	9	10	11	12	13	14	15	16	17	18	19	20	21	22	23	24	25	26	
428	1	2	4	5	6	7	8	9	10	11	12	13	15	16	18	19	20	21	22	23	24	25	26	27	
429	1	3	4	5	6	7	8	9	10	11	12	13	14	16	17	19	20	21	22	24	25	26	27	
430	1	2	3	4	5	7	9	10	11	12	13	14	15	17	18	19	20	21	23	25	
431	2	3	4	5	6	7	9	10	11	12	13	14	15	16	17	18	19	20	21	22	23	24	25	26	27	
432	1	2	3	4	5	6	7	8	9	10	11	12	13	14	15	17	18	19	20	21	23	24	25	26	27	
433	2	3	4	5	7	8	9	10	11	12	13	14	15	17	18	19	20	23	25	27	
434	1	2	3	4	5	6	7	8	9	11	12	13	14	15	16	17	18	19	20	21	22	23	24	25	26	
435	1	3	4	5	7	8	9	11	12	13	14	17	19	25	26	27	
436	1	2	4	5	6	7	8	9	12	13	14	15	16	17	18	19	20	21	22	23	24	25	26	
437	1	2	4	5	6	7	8	9	10	11	12	13	14	15	17	18	19	20	21	22	23	24	25	26	
438	1	2	3	4	5	6	7	8	9	10	11	12	13	14	15	17	18	19	20	21	23	24	25	26	27	
439	1	2	3	4	5	6	7	8	9	10	11	12	13	14	15	16	17	18	19	20	21	23	25	26	27	
440	1	2	3	4	5	7	8	9	10	11	12	13	14	15	16	17	18	19	20	21	23	25	26	27	
441	1	2	3	4	5	7	8	9	10	11	12	13	14	15	16	17	18	19	20	21	22	23	25	26	27	
442	2	3	4	5	7	8	9	10	11	12	13	14	15	16	17	18	19	20	21	22	23	24	25	26	27	
443	1	2	3	4	5	7	8	9	10	11	12	13	14	15	17	18	19	20	21	22	23	25	26	27	
444	1	2	3	4	5	7	8	9	10	11	12	13	14	15	16	17	18	19	20	21	23	24	25	26	27	
445	1	2	3	4	5	7	8	9	10	11	12	13	14	15	16	17	18	19	20	21	22	23	25	26	27	
446	1	2	3	4	5	6	7	8	9	10	11	12	13	14	15	17	18	19	20	21	22	23	24	25	26	27	
447	1	2	3	4	5	7	8	9	10	11	12	13	14	15	17	18	19	20	23	24	25	26	27	
448	1	3	4	5	7	8	9	10	11	12	13	14	17	19	20	21	25	27	
449	4	5	6	7	8	9	10	11	12	13	14	17	19	20	22	25	26	27	
450	1	2	3	4	5	7	9	10	11	12	13	14	15	17	18	19	20	21	25	26	27	
451	1	2	3	4	5	7	8	9	10	11	12	13	14	15	17	18	19	20	21	23	25	26	27	
452	1	2	3	4	5	7	9	10	11	12	13	14	15	17	18	19	20	21	22	23	25	26	27	
453	1	2	3	4	5	7	8	9	10	11	12	13	14	15	17	18	19	20	23	25	26	27	
454	1	2	3	4	5	6	7	9	10	11	12	13	14	15	17	18	19	20	21	22	23	24	25	26	27	
455	1	2	3	4	5	6	7	9	11	12	13	14	15	16	17	18	19	20	21	22	23	24	25	26	27	
456	1	2	3	4	5	6	7	8	9	10	11	12	13	14	15	17	18	19	20	22	23	24	25	26	27	
457	1	2	4	5	7	8	9	10	11	12	13	14	15	16	17	18	19	20	21	23	25	26	27	
458	2	3	4	5	6	7	8	9	11	12	13	14	15	16	17	18	19	20	21	23	24	25	27	
459	1	2	3	4	5	6	7	8	9	10	11	12	13	14	15	17	18	19	20	21	23	24	25	27	
460	3	4	5	7	8	9	10	11	12	13	14	17	19	20	22	25	27	
461	1	2	3	4	5	7	8	9	10	11	12	13	14	15	17	18	19	20	21	23	25	26	
462	1	2	3	4	5	7	8	9	10	11	12	13	14	15	16	17	18	19	20	21	23	25	26	27	
463	1	2	3	4	5	6	7	8	9	10	11	12	13	14	15	17	18	19	20	21	23	25	26	27	
464	1	2	3	4	5	6	7	8	9	10	11	12	13	14	15	17	18	19	20	21	22	23	24	25	26	
465	4	5	7	8	9	10	11	12	13	14	17	19	25	
466	1	4	5	7	8	9	10	11	12	13	14	17	19	20	21	25	26	
467	1	2	3	4	5	6	7	8	9	10	11	12	13	14	15	17	18	19	20	21	22	23	24	25	26	
468	1	2	3	4	5	6	7	8	9	11	12	13	14	15	17	18	19	20	22	23	24	25	26	
469	1	2	3	4	5	7	8	9	10	11	12	14	15	17	18	19	21	23	25	26	27	
470	1	2	3	4	5	7	8	9	10	11	12	13	14	15	16	17	18	19	20	21	22	23	25	26	27	
471	4	5	7	8	9	10	11	12	19	25	27	
472	2	4	5	7	8	9	10	11	12	13	14	15	17	18	19	20	25	26	27	
473	1	2	3	4	5	7	9	11	12	13	14	15	17	18	19	20	21	23	25	26	27	
474	1	3	4	5	7	9	10	11	12	13	19	25	
475	1	2	3	4	5	6	7	8	9	10	11	12	13	14	15	17	18	19	20	21	25	26	27	
476	1	2	3	4	5	7	8	9	11	12	13	14	15	17	18	19	20	21	23	25	26	
477	1	2	4	5	7	8	9	11	12	14	15	17	18	19	20	22	23	24	25	26	27	
478	1	2	4	5	6	7	8	9	10	11	12	13	14	15	17	18	19	20	21	22	23	24	25	26	27	
479	1	2	3	4	5	7	8	9	10	11	12	13	14	15	17	18	19	20	21	23	24	25	26	27	
480	1	2	3	4	5	6	7	9	10	11	12	13	14	15	17	18	19	20	21	22	23	24	25	26	
481	1	2	4	5	6	7	8	9	10	11	12	13	14	15	17	18	19	20	22	23	24	25	
482	1	2	3	4	5	6	7	8	9	10	11	12	13	14	15	17	18	19	20	22	23	24	25	27	
483	1	2	3	4	5	7	8	9	10	11	12	13	14	15	16	17	18	19	20	21	23	25	26	27	
484	1	2	3	4	5	7	8	9	10	11	12	13	14	15	17	18	19	21	23	25	27	
485	1	2	3	4	5	6	7	8	9	10	11	12	13	14	15	17	18	19	20	21	22	23	24	25	26	
486	1	2	3	4	5	7	8	9	10	11	12	13	14	15	17	18	19	20	21	25	26	27	
487	1	2	3	4	5	7	8	9	10	11	12	13	14	15	16	17	18	19	20	21	23	25	26	27	
488	1	2	3	4	5	7	9	11	12	13	14	15	17	18	19	20	21	23	25	26	27	
489	1	2	3	4	5	7	8	9	10	11	12	13	14	15	17	18	19	20	23	25	27	
490	1	2	4	5	6	7	9	10	11	12	13	14	15	16	17	18	19	20	21	22	23	24	25	26	27	
491	1	2	3	4	5	6	7	8	9	11	12	13	14	15	17	18	19	20	21	22	23	24	25	26	27	
492	1	2	3	4	5	6	7	8	9	10	11	12	13	14	15	17	18	19	20	22	23	24	25	26	
493	1	2	3	4	5	7	8	9	10	11	12	13	14	15	16	17	18	19	20	21	22	23	25	26	27	
494	1	2	3	4	5	6	7	8	9	10	11	12	13	14	15	17	18	19	20	21	22	23	24	25	27	
495	1	2	3	4	5	6	7	8	9	10	11	12	13	14	15	16	17	18	19	20	21	22	23	24	25	26	27	
496	1	2	4	5	6	7	8	9	10	11	12	13	14	15	17	18	19	20	21	22	23	24	25	26	27	
497	1	2	3	4	5	6	7	8	9	10	11	12	13	14	15	17	18	19	20	22	23	24	25	27	
498	1	2	3	4	5	6	7	8	9	10	11	12	13	14	15	16	17	18	19	20	23	24	25	26	27	
499	1	2	3	4	5	7	8	9	10	11	12	13	14	15	17	18	19	20	23	25	26	27	
500	4	5	7	9	11	12	13	14	17	19	20	25	27	
501	1	2	3	4	5	6	7	8	9	10	11	12	13	14	15	17	18	19	20	22	23	24	25	26	27	
502	1	2	3	4	5	7	8	9	10	11	12	13	14	15	16	17	18	19	20	21	23	24	25	26	27	
503	1	2	3	4	5	6	7	8	9	10	11	12	13	14	15	17	18	19	20	22	23	24	25	26	27	
504	1	2	3	4	5	6	7	8	9	11	12	13	14	15	17	18	19	20	22	23	24	25	26	27	
505	2	3	4	5	6	7	8	9	10	11	12	13	14	15	16	17	18	19	20	22	23	24	25	26	
506	1	2	3	4	5	7	8	9	10	11	12	14	15	17	18	19	20	21	23	25	26	27	
507	1	2	4	5	6	7	8	9	10	11	12	13	14	15	17	18	19	20	21	22	23	24	25	26	
508	1	2	3	4	5	7	8	9	10	11	12	13	14	15	17	18	19	20	23	25	26	27	
509	1	2	3	4	5	7	8	9	10	11	12	13	14	15	17	18	19	20	21	22	23	24	25	26	
510	1	2	3	4	5	7	8	9	10	11	12	13	14	15	16	17	18	19	20	21	23	25	26	27	
511	2	3	4	5	6	7	8	9	10	11	12	13	14	15	17	18	19	20	22	24	25	26	
512	1	2	3	4	5	7	8	9	10	11	12	13	14	15	16	17	18	19	20	21	23	25	26	27	
513	1	2	3	4	5	6	7	8	9	10	11	12	13	14	15	17	18	19	20	21	22	23	25	26	
514	2	4	5	6	7	8	9	10	11	12	13	14	15	16	17	18	19	20	22	23	24	25	26	27	
515	1	2	3	4	5	6	7	9	10	11	12	13	14	15	16	17	18	19	20	21	22	23	25	26	27	
516	1	2	4	5	6	7	8	9	10	11	12	13	14	15	17	18	19	20	23	24	25	26	27	
517	2	3	4	5	6	7	8	9	10	11	12	13	14	15	17	18	19	20	22	23	25	26	
518	1	2	4	5	6	7	9	11	12	13	14	15	17	18	19	20	22	23	24	25	26	
519	1	2	3	4	5	6	7	8	9	10	11	12	13	14	15	16	17	18	19	20	22	23	24	25	27	
520	1	2	3	4	5	7	8	9	10	11	12	13	14	15	17	18	19	20	21	23	24	25	26	27	
521	1	2	3	4	5	6	7	9	10	11	12	13	14	15	16	17	18	19	20	21	22	23	24	25	27	
522	1	2	3	4	5	6	7	8	9	10	11	12	13	14	15	17	18	19	20	21	23	24	25	26	27	
523	1	2	3	4	5	6	7	8	9	10	12	13	14	15	16	17	18	19	20	21	22	23	24	25	26	
524	1	2	3	4	5	6	7	9	11	12	13	14	15	17	18	19	20	21	22	23	24	25	26	27	
525	1	2	3	4	5	7	8	9	10	11	12	13	15	16	18	19	20	21	22	23	25	26	27	
526	1	2	3	4	5	7	8	9	11	12	13	14	15	16	17	18	19	20	21	22	23	24	25	26	27	
527	1	2	3	4	5	7	9	10	11	12	13	14	15	17	18	19	20	21	22	23	25	26	27	
528	1	2	3	4	5	7	8	9	10	11	12	13	14	15	16	17	18	19	20	21	23	24	25	26	27	
529	2	4	5	7	8	9	10	11	12	13	14	15	17	18	19	20	23	25	27	
530	2	3	4	5	6	7	8	9	10	11	12	13	14	15	17	18	19	21	22	23	24	25	26	27	
531	1	2	3	4	5	7	8	9	10	11	12	13	14	15	17	18	19	20	23	24	25	27	
532	1	2	3	4	5	6	7	8	9	11	12	13	14	15	17	18	19	20	21	22	23	24	25	26	27	
533	1	2	4	5	6	7	8	9	10	11	12	13	14	15	17	18	19	20	21	22	23	24	25	26	27	
534	1	2	3	4	5	6	7	8	9	10	11	12	13	15	16	18	19	20	21	22	23	24	25	26	27	
535	1	2	3	4	5	6	7	8	9	10	11	12	13	14	15	17	18	19	20	22	23	24	25	26	27	
536	1	2	3	4	5	7	8	9	10	11	12	13	14	15	16	17	18	19	20	21	23	24	25	26	27	
537	2	4	5	7	8	9	10	11	12	13	14	15	17	18	19	20	22	23	24	25	26	27	
538	1	2	3	4	5	6	7	8	9	10	11	12	13	14	15	17	18	19	20	21	22	23	24	25	26	
539	1	3	4	5	7	9	10	11	12	13	14	17	19	25	26	27	
540	1	2	4	5	7	8	9	10	11	12	13	15	16	18	19	21	23	24	25	26	
541	1	2	3	4	5	6	7	8	9	10	11	12	13	14	15	16	17	18	19	20	22	23	24	25	26	
542	1	2	3	4	5	7	8	9	10	11	12	13	14	15	17	18	19	20	21	23	24	25	26	27	
543	2	3	4	5	6	7	8	9	10	11	12	13	14	15	17	18	19	20	21	22	23	24	25	
544	1	2	3	4	5	6	7	8	9	10	11	12	13	14	15	17	18	19	20	22	23	24	25	26	
545	1	2	3	4	5	6	7	8	9	10	11	12	14	15	17	18	19	20	21	22	23	24	25	26	27	
546	1	2	4	5	6	7	8	9	10	11	12	13	14	15	17	18	19	20	21	22	23	24	25	26	27	
547	1	3	4	5	7	8	9	10	11	12	13	14	17	19	20	21	22	25	26	27	
548	1	2	3	4	5	6	7	8	9	10	11	12	13	14	15	17	18	19	20	21	22	23	24	25	26	
549	1	2	3	4	5	6	7	8	9	10	11	12	15	16	18	19	20	21	22	23	24	25	26	27	
550	1	2	3	4	5	6	7	8	9	10	11	12	13	14	15	17	18	19	20	21	22	25	26	27	
551	1	2	3	4	5	6	7	8	9	11	12	13	14	15	17	18	19	20	21	22	23	24	25	26	
552	1	2	3	4	5	7	8	9	10	11	12	13	14	15	16	17	18	19	20	21	23	25	26	27	
553	4	5	7	8	9	11	12	13	14	17	19	20	24	25	27	
554	1	2	3	4	5	7	9	11	12	14	15	17	18	19	20	21	25	26	27	
555	1	3	4	5	6	7	8	9	10	11	12	13	14	17	19	22	24	25	27	
556	1	2	4	5	7	8	9	10	11	12	13	14	15	17	18	19	20	21	23	25	26	27	
557	1	2	3	4	5	6	7	8	9	10	11	12	13	14	15	16	17	18	19	20	21	22	23	25	26	
558	1	2	3	4	5	6	7	8	9	11	12	13	14	15	17	18	19	20	21	22	23	25	26	27	
559	1	2	4	5	6	7	8	9	12	13	14	15	16	17	18	19	20	21	22	23	24	25	26	27	
560	1	2	3	4	5	7	8	9	10	11	12	13	14	15	17	18	19	20	21	22	24	25	26	27	
561	1	2	3	4	5	6	7	9	10	11	12	13	14	15	17	18	19	20	21	22	23	24	25	26	27	
562	2	4	5	6	7	8	9	10	11	12	13	14	15	17	18	19	22	23	24	25	
563	1	3	4	5	6	7	8	9	10	11	12	13	14	16	17	19	20	21	22	24	25	26	27	
564	2	3	4	5	6	7	9	10	11	12	13	14	15	16	17	18	19	20	21	22	23	24	25	26	
565	1	2	3	4	5	6	7	9	10	11	12	13	14	15	17	18	19	20	21	22	23	24	25	26	27	
566	1	2	3	4	5	6	7	8	9	12	13	14	15	16	17	18	19	20	21	22	23	24	25	26	27	
567	1	4	5	6	7	8	9	10	11	12	13	14	17	19	20	21	24	25	27	
568	1	2	4	5	6	7	8	9	10	11	12	13	14	15	17	18	19	20	21	22	23	24	25	26	
569	1	2	3	4	5	7	8	9	10	11	12	13	14	15	17	18	19	20	21	23	25	27	
570	1	3	4	5	7	8	9	11	12	13	14	17	19	20	21	24	25	26	27	
571	1	3	4	5	7	8	9	10	11	12	13	14	16	17	19	20	21	22	24	25	26	27	
572	1	2	3	4	5	7	8	9	10	11	12	13	14	15	17	18	19	20	21	23	25	26	27	
573	1	3	4	5	6	7	8	9	10	11	12	13	14	16	17	19	20	21	24	25	26	27	
574	1	2	3	4	5	6	7	8	9	10	11	12	13	14	15	17	18	19	20	22	23	24	25	26	
575	1	3	4	5	7	8	9	10	11	12	13	14	16	17	19	20	21	22	24	25	26	27	
576	1	2	3	4	5	7	8	9	10	11	12	13	14	15	17	18	19	20	21	22	23	25	26	27	
577	1	2	3	4	5	6	7	8	9	11	12	13	14	15	16	17	18	19	20	21	23	24	25	26	27	
578	1	3	4	5	6	7	9	10	11	12	13	14	16	17	19	20	21	22	24	25	26	27	
579	1	2	3	4	5	7	8	9	10	11	12	13	14	15	16	17	18	19	20	22	23	25	26	27	
580	3	4	5	7	9	11	12	13	14	17	19	25	26	
581	1	2	4	5	6	7	8	9	11	12	13	14	15	17	18	19	20	21	22	25	26	27	
582	1	3	4	5	7	8	9	10	11	12	13	16	19	20	25	27	
583	1	2	3	4	5	7	8	9	10	11	12	13	14	15	16	17	18	19	20	21	23	25	26	27	
584	1	2	3	4	5	6	7	9	10	11	12	13	14	15	16	17	18	19	21	22	23	24	25	26	27	
585	1	2	3	4	5	7	8	9	10	11	12	13	14	15	17	18	19	20	23	25	27	
586	1	2	3	4	5	7	8	9	10	11	12	13	14	15	16	17	18	19	20	21	22	23	25	26	27	
587	1	2	3	4	5	6	7	8	9	10	11	12	13	14	15	17	18	19	20	21	23	24	25	26	27	
588	1	2	3	4	5	6	7	8	9	10	11	12	13	14	15	16	17	18	19	20	21	22	23	24	25	26	27	
589	1	2	3	4	5	6	7	9	10	11	12	13	14	15	17	18	19	20	21	23	25	26	27	
590	1	2	4	5	7	8	9	10	11	12	13	14	15	16	17	18	19	20	21	22	23	25	26	27	
591	2	3	4	5	6	7	8	9	10	11	12	13	14	15	17	18	19	20	22	23	24	25	26	27	
592	1	2	3	4	5	6	7	8	9	10	11	12	13	14	15	17	18	19	20	22	23	24	25	26	27	
593	1	2	3	4	5	6	7	8	9	10	11	12	13	14	15	16	17	18	19	20	22	23	25	26	
594	1	2	3	4	5	7	8	9	10	11	12	13	14	15	17	18	19	20	23	25	27	
595	1	2	3	4	5	6	7	9	10	11	12	13	14	15	17	18	19	20	21	22	23	24	25	26	27	
596	1	2	3	4	5	6	7	8	9	10	11	12	13	14	15	17	18	19	20	21	22	23	25	26	27	
597	1	2	3	4	5	7	8	9	10	11	12	13	14	15	16	17	18	19	20	21	22	23	25	26	27	
598	1	2	3	4	5	6	7	8	9	11	12	13	14	15	17	18	19	20	21	22	23	25	26	27	
599	1	2	3	4	5	6	7	8	9	10	11	12	13	14	15	17	18	19	20	21	23	24	25	26	27	
600	1	3	4	5	7	8	9	10	11	12	13	14	16	17	19	20	21	24	25	26	27	
601	1	2	3	4	5	7	8	9	10	11	12	13	14	15	17	18	19	20	21	22	23	24	25	26	27	
602	1	3	4	5	7	8	9	11	12	13	16	19	20	21	22	25	26	
603	1	3	4	5	7	8	9	10	11	12	13	14	17	19	25	26	
604	2	3	4	5	6	7	8	9	10	11	12	13	14	15	17	18	19	20	21	22	23	24	25	26	27	
605	1	3	4	5	7	8	9	10	11	12	13	14	17	19	20	25	26	27	
606	1	2	3	4	5	7	8	9	10	11	12	13	14	15	16	17	18	19	20	21	22	23	24	25	26	
607	1	2	3	4	5	6	7	8	9	10	11	12	13	14	15	17	18	19	20	21	22	23	24	25	26	
608	1	2	3	4	5	7	8	9	11	12	13	14	15	17	18	19	21	23	25	26	27	
609	1	2	3	4	5	7	8	9	10	11	12	13	14	15	17	18	19	20	22	23	24	25	26	27	
610	1	2	3	4	5	7	9	11	12	13	14	15	17	18	19	20	25	27	
611	1	2	3	4	5	6	7	8	9	10	11	12	13	14	15	17	18	19	20	21	22	23	24	25	27	
612	1	2	3	4	5	6	7	8	9	10	11	12	13	14	15	16	17	18	19	21	22	23	24	25	26	
613	1	2	3	4	5	7	8	9	10	11	12	13	14	15	16	17	18	19	20	22	23	24	25	26	27	
614	1	2	3	4	5	6	7	8	9	10	11	12	13	14	15	17	18	19	20	22	23	24	25	26	27	
615	1	3	4	5	7	9	10	11	12	13	14	16	17	19	20	21	25	26	27	
616	1	2	3	4	5	7	8	9	10	11	12	13	14	15	17	18	19	20	22	23	24	25	26	27	
617	1	2	4	5	6	7	8	9	10	11	12	13	14	15	16	17	18	19	20	21	22	23	24	25	26	
618	1	2	3	4	5	6	7	8	9	10	11	12	13	14	15	17	18	19	20	22	23	24	25	26	27	
619	1	2	3	4	5	6	7	8	9	10	11	12	13	14	15	17	18	19	20	21	22	23	24	25	26	
620	1	2	3	4	5	6	7	8	9	10	11	12	13	14	15	17	18	19	20	21	22	23	24	25	26	
621	1	2	3	4	5	6	7	8	9	10	11	12	13	14	15	16	17	18	19	20	22	23	24	25	27	
622	1	2	3	4	5	6	7	8	9	10	11	12	13	14	15	17	18	19	20	22	23	24	25	27	
623	2	3	4	5	6	7	8	9	10	11	12	13	14	15	16	17	18	19	20	22	23	24	25	27	
624	1	2	3	4	5	6	7	8	9	10	11	12	13	14	15	17	18	19	20	22	23	24	25	26	27	
625	1	2	3	4	5	6	7	8	9	10	11	12	13	14	15	16	17	18	19	20	21	23	25	26	27	
626	4	5	7	9	11	12	19	25	
627	1	4	5	7	8	9	10	11	12	13	14	17	19	24	25	26	27	
628	1	2	3	4	5	7	8	9	10	11	12	13	14	15	16	17	18	19	20	21	22	23	24	25	27	
629	1	3	4	5	7	8	9	11	12	13	14	17	19	25	27	
630	2	3	4	5	6	7	8	9	11	12	13	14	15	17	18	19	20	22	23	24	25	27	
631	1	2	3	4	5	6	7	8	9	10	11	12	13	14	15	17	18	19	20	21	22	23	24	25	26	
632	1	2	3	4	5	6	7	8	9	11	12	13	14	15	16	17	18	19	20	21	23	24	25	26	27	
633	1	2	3	4	5	6	7	8	9	10	11	12	13	14	15	17	18	19	20	21	22	23	24	25	26	
634	2	4	5	6	7	9	10	11	12	13	14	15	17	18	19	20	21	22	23	24	25	27	
635	1	2	3	4	5	7	8	9	10	11	12	13	14	15	17	18	19	20	24	25	26	27	
636	1	2	3	4	5	7	8	9	10	11	12	13	14	15	17	18	19	20	22	23	25	26	27	
637	1	2	3	4	5	6	7	8	9	10	11	12	13	14	15	17	18	19	20	23	25	27	
638	2	3	4	5	7	8	9	10	11	12	13	15	18	19	23	25	27	
639	1	2	3	4	5	6	7	9	10	11	12	13	14	15	16	17	18	19	20	21	22	23	24	25	27	
640	1	2	3	4	5	6	7	8	9	10	11	12	13	14	15	17	18	19	20	21	22	25	26	27	
641	1	2	3	4	5	7	8	9	10	11	12	13	14	15	16	17	18	19	22	23	25	26	27	
642	1	2	3	4	5	6	7	8	9	10	11	12	13	14	15	17	18	19	20	22	23	24	25	26	27	
643	1	3	4	5	7	8	9	10	11	12	13	14	17	19	20	21	22	24	25	26	27	
644	1	3	4	5	7	8	9	10	11	12	13	14	17	19	20	21	25	27	
645	1	2	3	4	5	7	8	9	10	11	12	13	14	15	17	18	19	20	21	22	23	24	25	26	27	
646	1	2	3	4	5	6	7	9	11	12	13	14	15	17	18	19	20	21	22	23	24	25	26	27	
647	1	2	3	4	5	6	7	8	9	10	11	12	13	14	15	17	18	19	20	21	22	24	25	26	27	
648	1	2	3	4	5	6	7	8	9	11	12	13	14	15	17	18	19	20	21	22	23	24	25	26	27	
649	1	2	3	4	5	6	7	8	9	10	11	12	13	14	15	17	18	19	20	22	23	24	25	26	
650	1	2	3	4	5	7	9	10	11	12	13	14	15	17	18	19	20	23	25	26	27	
651	1	2	3	4	5	6	7	8	9	10	11	12	13	14	15	16	17	18	19	20	21	22	23	24	25	
652	1	2	3	4	5	6	7	9	10	11	12	13	14	15	17	18	19	20	21	22	23	24	25	26	27	
653	1	2	4	5	6	7	8	9	10	11	12	13	14	15	16	17	18	19	21	22	23	24	25	26	27	
654	1	2	3	4	5	7	8	9	10	11	12	13	14	15	17	18	19	20	21	23	25	26	27	
655	1	3	4	5	6	7	8	9	10	11	12	13	14	16	17	19	21	22	24	25	26	27	
656	1	2	3	4	5	7	9	10	11	12	13	14	15	16	17	18	19	20	21	22	23	24	25	26	27	
657	1	2	3	4	5	7	8	9	10	11	12	14	15	17	18	19	20	21	23	24	25	26	27	
658	1	2	3	4	5	6	7	8	9	11	12	13	14	15	16	17	18	19	20	21	22	23	24	25	26	
659	1	2	3	4	5	7	8	9	10	11	12	14	15	17	18	19	20	21	22	24	25	
660	1	2	3	4	5	7	9	10	11	12	13	14	15	16	17	18	19	20	21	22	23	25	26	27	
661	1	2	3	4	5	6	7	9	10	11	12	13	14	15	17	18	19	20	21	22	23	24	25	26	27	
662	1	2	5	6	7	8	9	11	12	13	14	15	16	17	18	19	20	21	22	23	24	25	26	27	
663	2	4	5	7	8	9	10	11	12	13	14	15	17	18	19	20	21	22	23	24	25	26	27	
664	1	2	3	4	5	6	7	8	9	10	11	12	13	14	15	17	18	19	20	22	23	24	25	26	27	
665	1	2	3	4	5	7	8	9	11	12	13	14	15	16	17	18	19	20	23	25	26	
666	1	2	3	4	5	7	8	9	10	11	12	13	14	15	16	17	18	19	20	21	23	25	26	27	
667	2	3	4	5	6	7	8	9	10	11	12	13	14	15	17	18	19	20	22	23	24	25	26	27	
668	1	2	4	5	6	7	9	10	11	12	13	14	15	16	17	18	19	20	22	23	24	25	26	27	
669	2	3	4	5	6	7	9	10	11	12	13	14	15	17	18	19	20	21	22	23	24	25	26	27	
670	1	2	3	4	5	6	7	8	9	10	11	12	13	14	15	17	18	19	20	22	23	24	25	26	27	
671	1	2	4	5	6	7	8	9	10	11	12	13	14	15	17	18	19	20	21	22	23	24	25	26	27	
672	1	2	3	4	5	7	8	9	10	11	12	13	14	15	16	17	18	19	20	21	23	25	26	27	
673	1	2	3	4	5	7	9	11	12	14	15	16	17	18	19	20	21	23	25	26	27	
674	2	4	5	7	8	9	10	11	12	13	14	15	17	18	19	23	25	
675	1	2	3	4	5	6	7	8	9	10	11	12	13	14	15	17	18	19	20	21	22	23	24	25	27	
676	1	2	3	4	5	7	8	9	10	11	12	13	14	15	16	17	18	19	20	21	23	24	25	26	
677	1	2	3	4	5	6	7	8	9	10	11	12	13	14	15	17	18	19	20	21	22	23	24	25	26	
678	1	2	3	4	5	7	8	9	10	11	12	13	14	15	16	17	18	19	20	21	23	25	26	27	
679	1	2	3	4	5	6	7	9	10	11	12	13	14	15	16	17	18	19	20	21	22	23	24	25	26	
680	1	2	3	4	5	6	7	8	9	11	12	13	14	15	17	18	19	20	21	22	23	24	25	26	
681	1	2	3	4	5	6	7	9	10	11	12	13	15	16	18	19	20	22	23	24	25	26	27	
682	2	4	5	6	7	8	9	10	12	13	14	15	17	18	19	20	21	23	25	26	27	
683	1	2	4	5	6	7	8	9	10	11	12	13	14	15	17	18	19	20	21	22	23	24	25	26	27	
684	1	2	3	4	5	6	7	8	9	10	11	12	13	14	15	17	18	19	20	22	23	24	25	26	27	
685	2	3	4	5	6	7	8	9	10	11	12	13	14	15	17	18	19	22	23	24	25	27	
686	1	2	4	5	7	8	9	10	11	12	14	15	17	18	19	20	21	22	23	24	25	26	27	
687	2	3	4	5	6	7	8	9	10	11	12	13	14	15	17	18	19	20	22	23	24	25	26	
688	1	2	3	4	5	7	8	9	10	11	12	13	14	15	17	18	19	21	23	25	26	27	
689	1	2	3	4	5	7	8	9	11	12	13	14	15	16	17	18	19	20	21	23	24	25	26	27	
690	4	5	7	8	9	11	12	13	19	25	
691	1	2	3	4	5	7	9	11	12	13	14	15	17	18	19	22	23	25	26	27	
692	2	4	5	6	7	8	9	10	11	12	13	14	15	17	18	19	20	21	22	23	24	25	26	27	
693	1	2	3	4	5	7	8	9	10	11	12	13	14	15	16	17	18	19	20	21	23	25	26	27	
694	1	2	4	5	7	8	9	10	11	12	13	14	15	17	18	19	20	21	24	25	26	27	
695	1	2	3	4	5	6	7	8	9	10	11	12	13	14	15	17	18	19	20	22	23	24	25	26	27	
696	1	2	3	4	5	6	7	8	9	10	11	12	13	14	15	17	18	19	22	23	24	25	26	
697	1	2	3	4	5	7	8	9	10	11	12	13	14	15	16	17	18	19	20	21	22	23	25	26	27	
698	1	2	3	4	5	7	8	9	10	11	12	13	15	18	19	20	21	22	23	24	25	26	27	
699	1	2	3	4	5	7	8	9	10	11	12	13	14	15	17	18	19	20	23	25	27	
700	1	2	3	4	5	6	7	9	10	11	12	13	14	15	17	18	19	20	21	22	23	24	25	26	27	
701	1	2	3	4	5	6	7	9	11	12	13	14	15	16	17	18	19	20	21	22	23	24	25	26	27	
702	1	2	3	4	5	6	7	8	9	10	11	12	13	14	15	17	18	19	20	21	23	24	25	26	27	
703	1	2	4	5	6	7	8	9	10	11	12	13	14	15	16	17	18	19	20	21	22	23	24	25	26	
704	1	2	3	4	5	6	7	8	9	10	11	12	13	14	15	17	18	19	20	22	23	24	25	26	27	
705	1	2	3	4	5	7	8	9	10	11	12	13	14	15	17	18	19	20	22	23	25	27	
706	1	2	4	5	7	8	9	10	11	12	13	14	15	17	18	19	20	21	22	23	24	25	26	27	
707	1	4	5	7	8	9	11	12	19	25	27	
708	1	3	4	5	7	8	9	11	12	13	14	17	19	25	27	
709	1	2	3	4	5	7	9	10	11	12	13	14	15	17	18	19	20	25	27	
710	1	2	3	4	5	7	8	9	10	11	12	13	14	15	16	17	18	19	20	22	23	24	25	26	27	
711	1	2	3	4	5	6	7	9	10	11	12	13	14	15	17	18	19	20	22	23	24	25	26	27	
712	1	2	3	4	5	7	8	9	10	11	12	13	14	15	16	17	18	19	21	23	25	26	27	
713	1	2	3	4	5	7	8	9	10	11	12	13	15	18	19	20	21	22	23	24	25	26	
714	1	2	3	4	5	6	7	8	9	10	11	12	13	15	16	18	19	20	21	22	23	24	25	26	27	
715	1	4	5	7	8	9	10	11	12	14	17	19	20	25	26	
716	1	2	3	4	6	7	8	9	10	11	12	13	14	15	16	17	18	19	20	21	22	23	24	25	26	27	
717	1	2	3	4	5	6	7	8	9	11	12	13	14	15	17	18	19	20	21	23	24	25	26	27	
718	1	2	3	4	5	6	7	8	9	10	11	12	13	14	15	17	18	19	20	21	22	23	24	25	26	
719	1	2	4	5	7	8	9	10	11	12	14	15	16	17	18	19	20	21	23	24	25	26	27	
720	1	2	3	4	5	6	7	8	9	10	11	12	13	14	15	17	18	19	20	21	22	23	24	25	27	
721	1	2	3	4	5	6	7	8	9	10	11	12	13	14	15	17	18	19	20	21	22	23	24	25	26	
722	1	2	4	5	6	7	8	9	10	11	12	13	14	15	17	18	19	20	21	22	23	24	25	26	27	
723	1	2	3	4	5	7	8	9	10	11	12	13	14	15	16	17	18	19	20	22	23	24	25	26	27	
724	1	2	3	4	5	7	8	9	10	11	12	13	14	15	17	18	19	20	21	23	24	25	26	27	
725	1	2	3	4	5	7	8	9	10	11	12	13	14	15	16	17	18	19	20	21	23	24	25	26	27	
726	1	2	3	4	5	6	7	8	9	10	11	12	13	14	15	17	18	19	20	21	23	24	25	26	27	
727	1	2	3	4	5	7	8	9	10	11	12	13	14	15	17	18	19	20	25	27	
728	1	2	3	4	5	7	8	9	10	11	12	13	14	15	17	18	19	20	21	23	25	26	27	
729	1	2	3	4	5	6	7	8	9	10	11	12	13	14	15	17	18	19	20	21	22	23	25	26	27	
730	1	2	4	5	7	8	9	10	11	12	14	15	17	18	19	20	21	23	25	26	
731	1	2	3	4	5	6	7	8	9	10	11	12	13	14	15	17	18	19	20	21	22	23	24	25	27	
732	1	2	3	4	5	7	8	9	10	11	12	13	14	15	16	17	18	19	20	22	23	24	25	26	27	
733	1	2	3	4	5	6	7	9	10	11	12	13	14	15	17	18	19	20	21	22	23	24	25	26	27	
734	1	2	3	4	5	7	8	9	10	11	12	13	14	15	17	18	19	20	21	23	24	25	26	27	
735	1	2	3	4	5	7	9	10	11	12	13	14	15	16	17	18	19	20	21	22	23	24	25	26	27	
736	1	2	4	5	7	8	9	11	12	13	14	15	17	18	19	20	23	24	25	
737	1	2	3	4	5	6	7	8	9	10	11	12	13	14	15	17	18	19	20	22	23	24	25	26	27	
738	1	2	3	4	5	6	7	8	9	10	11	12	13	14	15	16	17	18	19	20	21	22	23	24	25	
739	1	2	3	4	5	6	7	8	9	10	11	12	13	14	15	17	18	19	20	21	22	25	26	27	
740	1	2	3	4	5	6	7	9	10	11	12	13	14	15	17	18	19	20	21	22	23	24	25	26	
741	1	2	3	4	5	7	8	9	10	11	12	13	15	18	19	20	23	25	26	
742	1	2	3	4	5	6	7	8	9	10	11	12	13	14	15	17	18	19	20	22	23	24	25	27	
743	1	2	4	5	7	8	9	10	11	12	13	14	15	17	18	19	20	21	23	24	25	26	27	
744	1	2	3	4	5	6	7	9	10	11	12	13	14	15	16	17	18	19	20	22	23	24	25	26	27	
745	1	2	3	4	5	7	8	9	10	11	12	13	14	15	17	18	19	20	21	22	23	24	25	26	27	
746	1	2	3	4	5	6	7	8	9	10	11	12	13	14	15	16	17	18	19	20	21	22	23	24	25	
747	1	2	3	4	5	7	8	9	10	11	12	13	14	15	16	17	18	19	20	21	23	24	25	26	27	
748	1	2	3	4	5	6	7	8	9	10	11	12	13	14	15	17	18	19	20	21	22	23	24	25	26	
749	1	2	4	5	6	7	8	9	10	11	12	13	14	15	17	18	19	20	22	23	24	25	
750	1	3	4	5	7	8	9	10	11	12	13	14	17	19	20	21	25	26	27	
751	1	2	3	4	5	6	7	8	9	10	11	12	13	14	15	17	18	19	20	21	22	23	24	25	26	
752	1	2	3	4	5	6	7	8	10	11	12	13	14	15	16	17	18	19	21	22	23	24	25	26	
753	1	2	3	4	5	6	7	8	9	10	11	12	13	14	15	17	18	19	20	21	22	23	24	25	26	
754	1	2	3	4	5	7	8	9	10	11	12	13	14	15	17	18	19	20	21	22	23	24	25	26	27	
755	1	3	4	5	6	7	8	9	10	11	12	13	14	16	17	19	20	21	22	24	25	26	27	
756	1	2	3	4	5	7	9	10	11	12	13	14	15	16	17	18	19	20	21	22	23	24	25	26	27	
757	1	2	3	4	5	7	8	9	11	12	13	14	15	17	18	19	20	21	23	25	26	27	
758	1	2	3	4	5	6	7	8	9	10	11	12	13	14	15	16	17	18	19	20	21	22	23	24	25	
759	1	2	3	4	5	7	9	10	11	12	13	14	15	17	18	19	20	25	26	27	
760	1	2	3	4	5	7	8	9	10	11	12	13	14	15	17	18	19	20	21	23	25	26	27	
761	1	2	3	4	5	7	8	9	10	11	12	13	14	15	16	17	18	19	20	22	23	24	25	26	27	
762	1	2	3	4	5	6	7	8	9	11	12	13	14	15	17	18	19	20	21	22	23	24	25	26	
763	1	2	3	4	5	7	8	9	10	11	12	13	14	15	17	18	19	20	23	25	27	
764	1	2	3	4	5	6	8	9	10	11	12	13	14	15	16	17	18	19	20	21	22	23	24	26	27	
765	1	3	4	5	7	9	10	11	12	13	14	16	17	19	20	21	24	25	26	
766	1	2	3	4	5	6	7	9	10	11	12	13	14	15	17	18	19	20	21	22	23	24	25	
767	1	2	3	4	5	7	8	9	10	11	12	13	14	15	16	17	18	19	20	21	23	24	25	26	27	
768	1	2	3	4	5	6	7	9	10	11	12	13	14	15	17	18	19	20	21	22	24	25	26	27	
769	1	2	3	4	5	7	8	9	10	11	12	13	15	18	19	20	23	25	27	
770	1	2	3	4	5	6	7	8	9	10	11	12	13	14	15	17	18	19	20	22	23	24	25	26	27	
771	1	2	3	4	5	7	8	9	10	11	12	13	14	15	16	17	18	19	20	22	23	24	25	26	27	
772	1	3	4	5	6	7	8	9	10	11	12	13	14	17	19	20	21	22	25	26	
773	1	2	3	4	5	6	7	9	10	11	12	13	14	15	17	18	19	20	21	22	23	24	25	26	27	
774	1	2	3	4	5	6	7	9	10	11	12	13	14	15	17	18	19	20	21	22	23	24	25	26	27	
775	1	2	3	4	5	6	7	8	9	10	11	12	13	14	15	17	18	19	20	21	23	25	27	
776	1	2	4	5	6	7	8	9	10	11	12	13	14	15	17	18	19	20	21	23	24	25	26	27	
777	2	3	4	5	7	8	9	11	12	14	15	17	18	19	20	23	24	25	26	27	
778	1	2	4	5	7	8	9	10	11	12	13	14	15	17	18	19	20	21	23	24	25	26	27	
779	1	2	4	5	6	7	9	10	11	12	13	14	15	16	17	18	19	20	21	22	23	24	25	26	27	
780	2	3	4	5	6	7	8	9	10	11	12	13	14	15	17	18	19	20	21	22	25	26	27	
781	1	3	4	5	6	7	8	9	10	11	12	13	14	17	19	21	24	25	26	27	
782	1	2	3	4	5	7	8	9	10	11	12	14	15	17	18	19	22	23	24	25	26	27	
783	1	2	3	4	5	7	8	9	10	11	12	13	14	15	17	18	19	20	21	23	25	26	27	
784	1	2	3	4	5	7	8	9	10	11	12	13	14	15	17	18	19	20	23	25	27	
785	1	2	3	4	5	6	7	9	11	12	13	14	15	16	17	18	19	20	21	22	23	24	25	26	27	
786	2	4	5	6	7	9	10	11	12	13	14	15	17	18	19	22	24	25	27	
787	1	2	3	4	5	7	8	9	10	11	12	13	14	15	17	18	19	20	21	25	26	27	
788	1	2	3	4	5	7	8	9	10	11	12	13	14	15	17	18	19	20	25	27	
789	2	4	5	6	7	8	9	11	12	13	14	15	17	18	19	23	25	27	
790	1	2	3	4	5	7	8	9	10	11	12	13	14	15	16	17	18	19	20	21	22	23	25	26	27	
791	1	2	4	5	7	8	9	10	11	12	13	14	15	17	18	19	20	25	26	27	
792	5	9	11	12	13	25	
793	2	3	4	5	6	7	8	9	11	12	13	14	15	17	18	19	20	21	22	23	24	25	26	
794	1	2	3	4	5	7	9	10	11	12	13	15	18	19	23	25	27	
795	1	2	4	5	6	7	8	9	10	11	12	13	14	15	17	18	19	20	21	22	23	24	25	26	27	
796	1	3	4	5	6	7	8	9	10	11	12	13	14	16	17	19	20	21	22	24	25	26	27	
797	1	2	3	4	5	6	7	8	9	10	11	12	13	14	15	17	18	19	20	21	22	25	26	27	
798	1	2	4	5	6	7	8	9	10	11	12	13	14	15	17	18	19	20	22	23	24	25	26	
799	1	2	3	4	5	6	7	9	10	11	12	13	14	15	16	17	18	19	21	22	23	24	25	26	27	
800	1	2	3	4	5	6	7	8	9	10	11	12	13	14	15	16	17	18	19	20	21	22	23	24	25	26	27	
801	1	2	3	4	5	6	7	8	9	10	11	12	13	14	15	16	17	18	19	20	23	24	25	26	
802	1	2	3	4	5	7	8	9	10	11	12	13	14	15	17	18	19	20	23	25	27	
803	1	2	3	4	5	6	7	8	9	10	11	13	14	15	16	17	18	19	21	22	23	24	25	26	
804	1	4	5	7	9	10	11	12	13	14	17	19	20	25	26	27	
805	1	2	4	5	6	7	8	9	10	11	12	13	14	15	17	18	19	20	21	22	23	24	25	26	
806	3	4	5	7	8	9	10	11	12	13	14	17	19	25	27	
807	1	2	3	4	5	6	7	8	9	10	11	12	13	14	15	17	18	19	20	22	24	25	26	27	
808	1	2	3	4	5	6	7	8	9	10	11	12	13	14	15	17	18	19	20	22	23	24	25	26	27	
809	1	2	3	4	5	6	7	8	9	10	11	12	13	15	16	18	19	20	21	22	23	24	25	26	27	
810	1	3	4	5	7	8	9	10	11	12	13	19	25	26	27	
811	1	2	4	5	6	7	8	9	10	11	12	13	14	15	17	18	19	20	21	22	23	24	25	26	27	
812	1	2	4	5	7	8	9	10	11	12	13	15	18	19	23	25	27	
813	1	2	3	4	5	6	7	8	9	10	11	12	13	14	15	17	18	19	20	25	27	
814	1	2	3	4	5	7	8	9	10	11	12	13	14	15	16	17	18	19	20	21	23	24	25	26	27	
815	1	2	3	4	5	7	8	9	10	11	12	13	15	18	19	20	23	24	25	26	27	
816	1	3	4	5	7	9	10	11	12	13	14	17	19	20	21	25	26	27	
817	1	2	3	4	5	7	8	9	10	11	12	13	14	15	17	18	19	20	21	23	24	25	26	
818	1	2	3	4	5	6	7	9	10	11	12	13	14	15	17	18	19	20	22	23	24	25	27	
819	2	4	5	7	8	9	10	11	12	14	15	17	18	19	20	23	25	27	
820	1	2	3	4	5	7	8	9	10	11	12	13	14	15	16	17	18	19	20	21	23	25	26	27	
821	1	2	3	4	5	7	8	9	10	11	12	13	14	15	17	18	19	20	21	23	25	26	27	
822	1	2	3	4	5	6	7	8	9	10	11	12	13	14	15	16	17	18	19	20	22	23	24	25	
823	1	2	3	4	5	6	7	8	9	10	11	12	13	14	15	17	18	19	22	23	24	25	27	
824	1	4	5	7	8	9	10	11	12	13	14	17	19	20	24	25	27	
825	1	2	3	4	5	7	8	9	10	11	12	13	14	15	16	17	18	19	21	22	23	24	25	26	27	
826	1	2	3	4	5	7	8	9	10	11	12	13	14	15	17	18	19	20	21	22	23	24	25	26	
827	1	2	3	4	5	6	7	8	9	10	11	12	13	14	15	16	17	18	19	20	21	23	25	26	27	
828	1	3	4	5	7	8	9	10	11	12	13	19	25	27	
829	1	2	3	4	5	6	7	8	9	10	11	12	13	14	15	17	18	19	20	21	22	24	25	26	27	
830	1	2	3	4	5	7	8	9	10	11	12	13	14	15	17	18	19	20	21	23	25	26	27	
831	1	2	3	4	5	7	8	9	10	11	12	13	14	15	16	17	18	19	21	23	24	25	26	27	
832	1	2	3	4	5	7	8	9	10	11	12	13	14	15	17	18	19	20	23	24	25	27	
833	1	2	3	4	5	6	7	8	9	10	11	12	13	14	15	17	18	19	20	21	22	23	24	25	26	
834	1	2	4	5	7	8	9	10	11	12	13	14	15	17	18	19	20	21	24	25	26	27	
835	1	2	3	4	5	6	7	8	9	10	11	12	13	14	15	17	18	19	20	21	22	23	24	25	26	
836	1	2	3	4	5	6	7	9	10	11	12	13	14	15	17	18	19	20	21	22	23	24	25	26	27	
837	1	2	3	4	5	6	7	8	9	11	12	13	14	15	17	18	19	20	21	22	23	24	25	26	27	
838	1	2	3	4	5	6	7	8	9	10	11	12	13	14	15	17	18	19	20	23	24	25	26	27	
839	1	2	3	4	5	6	7	8	9	11	12	13	14	15	17	18	19	20	21	22	23	24	25	26	27	
840	1	2	3	4	5	6	7	8	9	11	12	14	15	16	17	18	19	20	21	22	23	24	25	26	27	
841	1	2	3	4	5	6	7	8	9	10	11	12	13	14	15	17	18	19	20	21	22	23	24	25	26	
842	2	3	4	5	6	7	8	9	10	11	12	13	14	15	17	18	19	22	23	24	25	27	
843	1	2	3	4	5	6	7	8	9	10	11	12	13	14	15	17	18	19	20	21	22	23	24	25	26	
844	1	2	3	4	5	6	7	8	9	10	11	12	13	14	15	17	18	19	20	22	23	24	25	26	27	
845	1	3	4	5	6	7	8	9	10	11	12	13	14	17	19	20	21	22	24	25	26	27	
846	1	2	3	4	5	7	8	9	10	11	12	13	14	15	17	18	19	20	22	23	25	26	27	
847	2	3	4	5	7	8	9	10	11	12	13	14	15	17	18	19	20	23	24	25	
848	1	2	3	4	5	6	7	8	9	10	11	12	13	14	15	17	18	19	20	21	22	23	24	25	26	
849	1	2	3	4	5	6	7	9	10	11	12	13	14	15	17	18	19	20	21	22	23	24	25	27	
850	3	4	5	7	9	10	11	12	13	14	17	19	20	25	27	
851	1	2	4	5	6	7	8	9	10	11	12	14	15	16	17	18	19	20	25	
852	1	2	4	5	6	7	8	9	10	11	12	13	14	15	17	18	19	20	21	22	23	24	25	26	
853	1	3	4	5	7	8	9	10	11	12	13	14	16	17	19	20	21	22	24	25	26	27	
854	1	2	3	4	5	6	7	8	9	10	11	12	13	14	15	17	18	19	20	21	22	23	25	26	27	
855	1	2	3	4	5	6	7	9	10	11	12	13	14	15	16	17	18	19	20	21	23	24	25	26	27	
856	1	2	3	4	5	7	8	9	10	11	12	13	14	15	16	17	18	19	20	22	23	24	25	26	27	
857	2	3	4	5	6	7	8	9	11	12	13	14	15	17	18	19	20	21	22	23	24	25	26	27	
858	1	2	4	5	7	8	9	11	12	13	14	15	17	18	19	25	
859	1	2	3	4	5	7	8	9	10	11	12	13	14	15	17	18	19	20	22	23	24	25	27	
860	1	2	4	5	6	7	8	9	10	11	12	13	14	15	17	18	19	20	21	22	23	24	25	26	
861	1	2	3	4	5	7	8	9	10	11	12	13	14	15	17	18	19	20	23	25	26	27	
862	1	2	3	4	5	6	7	8	9	10	11	12	13	14	15	17	18	19	20	21	22	24	25	26	27	
863	1	2	3	4	5	7	8	9	10	11	12	13	14	15	17	18	19	20	21	23	25	26	27	
864	2	4	5	7	8	9	10	11	12	13	14	15	17	18	19	23	25	27	
865	1	2	4	5	7	8	9	11	12	13	14	15	17	18	19	23	25	26	27	
866	2	3	4	5	7	9	10	11	12	13	14	15	16	17	18	19	20	21	23	25	27	
867	1	2	3	4	5	7	8	9	10	11	12	13	14	15	17	18	19	20	21	22	24	25	26	
868	1	2	3	4	5	6	7	8	9	10	11	12	13	14	15	17	18	19	20	22	23	24	25	
869	1	2	3	4	5	6	7	8	9	10	11	12	13	14	15	17	18	19	21	23	25	26	27	
870	1	2	3	4	5	6	7	9	10	11	12	13	14	15	17	18	19	20	21	22	23	24	25	26	27	
871	1	2	3	4	5	6	7	8	9	10	11	12	13	14	15	17	18	19	20	21	23	24	25	27	
872	1	2	3	4	5	6	7	8	9	10	11	12	13	14	15	17	18	19	20	21	22	24	25	26	27	
873	1	2	4	5	7	8	9	11	12	13	14	15	17	18	19	20	21	23	25	26	
874	1	2	3	4	5	6	7	8	9	10	11	12	13	14	15	17	18	19	20	22	23	24	25	26	27	
875	1	2	3	4	5	7	8	9	11	12	13	14	15	17	18	19	20	23	25	27	
876	1	2	3	4	5	6	7	8	9	11	12	13	14	15	17	18	19	20	21	22	23	24	25	26	27	
877	2	3	4	5	6	7	8	9	10	11	12	13	14	15	17	18	19	20	22	25	27	
878	1	2	3	4	5	6	7	8	9	10	11	12	13	14	15	17	18	19	20	21	22	23	24	25	26	
879	1	2	3	4	5	6	7	8	9	11	12	13	14	15	17	18	19	20	22	23	25	26	27	
880	1	2	3	4	5	7	9	11	12	13	14	15	17	18	19	20	23	25	26	
881	4	5	7	8	9	10	11	12	13	19	25	
882	1	2	3	4	5	7	8	9	10	11	12	13	14	15	16	17	18	19	20	22	23	24	25	26	27	
883	1	4	5	7	8	9	10	11	12	13	14	17	19	20	21	25	26	
884	1	2	3	4	5	6	7	8	9	10	11	12	13	14	15	17	18	19	21	22	23	24	25	27	
885	1	3	4	5	6	7	8	9	10	11	12	13	14	16	17	19	20	21	22	24	25	26	27	
886	1	2	3	4	5	6	7	8	9	10	11	12	13	14	15	17	18	19	20	21	22	24	25	26	27	
887	1	2	3	4	5	6	7	8	9	10	11	12	13	14	15	17	18	19	20	21	22	23	24	25	27	
888	1	2	3	4	5	6	7	9	10	11	12	13	14	15	16	17	18	19	20	22	23	25	26	27	
889	1	2	3	4	5	7	8	9	10	11	12	13	14	15	16	17	18	19	23	25	26	27	
890	1	2	3	4	5	6	7	8	9	10	11	12	13	14	15	16	17	18	19	20	23	24	25	26	27	
891	1	3	4	5	7	8	9	10	11	12	13	14	16	17	19	20	21	24	25	26	27	
892	1	2	3	4	5	6	7	8	9	10	11	12	13	14	15	17	18	19	20	22	24	25	26	27	
893	1	2	3	4	5	6	7	8	9	10	11	12	13	14	15	16	17	18	19	20	22	23	24	25	
894	1	2	3	4	5	7	9	10	11	12	14	15	17	18	19	21	23	25	27	
895	1	3	4	5	7	8	9	10	11	12	13	19	20	21	22	25	26	27	
896	1	2	4	5	7	8	9	10	11	12	13	14	15	16	17	18	19	21	23	24	25	26	27	
897	1	2	3	4	5	6	7	8	9	10	11	12	13	15	18	19	20	21	22	23	24	25	26	27	
898	1	2	3	4	5	6	7	8	9	11	12	13	14	15	17	18	19	20	22	23	24	25	26	27	
899	1	2	3	4	5	7	8	9	11	12	13	14	15	16	17	18	19	20	21	22	23	25	26	27	
900	1	2	3	4	5	6	7	8	9	10	11	12	13	14	15	17	18	19	20	21	22	24	25	26	27	
901	1	2	3	4	5	6	7	8	9	10	11	12	13	14	15	17	18	19	20	22	23	25	26	27	
902	1	2	3	4	5	7	8	9	10	11	12	13	14	15	17	18	19	20	21	23	24	25	26	27	
903	1	2	3	4	5	7	9	10	11	12	13	14	15	16	17	18	19	20	21	22	23	24	25	26	27	
904	1	2	4	5	7	8	9	11	12	13	14	15	17	18	19	20	23	24	25	26	27	
905	1	3	4	5	6	7	8	9	10	11	12	13	14	16	17	19	20	21	22	24	25	26	27	
906	1	2	4	5	7	8	9	10	11	12	13	14	15	17	18	19	20	23	25	27	
907	1	2	3	4	5	7	8	9	10	11	12	13	14	15	17	18	19	20	21	22	25	26	27	
908	1	2	3	4	5	7	8	9	10	11	12	13	14	15	17	18	19	20	23	25	26	27	
909	1	2	3	4	5	6	7	8	9	10	11	12	13	14	15	17	18	19	20	22	23	24	25	26	27	
910	1	2	3	4	5	6	7	8	9	10	11	12	13	14	15	16	17	18	19	20	21	23	25	26	27	
911	1	3	4	5	7	9	10	11	12	13	14	17	19	20	25	26	27	
912	2	3	4	5	6	7	8	9	10	11	12	13	14	15	16	17	18	19	20	22	23	24	25	26	27	
913	1	2	3	4	5	6	7	8	9	10	11	12	13	14	15	16	17	18	19	20	21	22	23	24	25	26	27	
914	1	2	4	5	7	8	9	10	11	12	13	14	15	16	17	18	19	20	21	23	24	26	27	
915	1	2	3	4	5	6	7	8	9	10	11	12	13	14	15	17	18	19	20	22	23	24	25	26	27	
916	1	2	3	4	5	6	7	8	9	10	11	12	13	14	15	17	18	19	20	22	24	25	26	27	
917	1	2	3	4	5	6	7	8	9	10	11	12	13	14	15	16	17	18	19	20	22	23	24	25	26	
918	1	2	4	5	7	9	11	12	13	14	15	17	18	19	20	23	24	25	26	27	
919	1	3	4	5	6	7	8	9	10	11	12	13	14	16	17	19	20	21	22	24	25	26	27	
920	1	2	3	4	5	7	8	9	10	11	12	13	14	15	17	18	19	20	21	23	24	25	26	27	
921	1	2	3	4	5	7	8	9	10	11	12	13	14	15	17	18	19	20	21	23	24	25	26	27	
922	1	2	3	4	5	6	7	8	9	10	11	12	13	14	15	17	18	19	20	21	22	23	24	25	26	
923	1	2	3	4	5	7	8	9	10	11	12	13	14	15	16	17	18	19	20	21	22	23	25	26	
924	1	2	3	4	5	6	7	8	9	10	11	12	13	14	15	17	18	19	20	21	22	23	24	25	26	
925	1	2	3	4	5	6	7	8	9	10	11	12	13	14	15	17	18	19	20	21	22	23	24	25	27	
926	2	3	4	5	7	8	9	10	11	12	13	14	15	17	18	19	20	25	26	27	
927	1	4	5	7	9	10	11	12	13	19	20	25	27	
928	1	2	3	4	5	7	8	9	10	11	12	13	14	15	16	17	18	19	20	22	23	24	25	
929	1	2	3	4	5	7	8	9	10	11	12	13	14	15	17	18	19	20	21	23	24	25	26	27	
930	1	2	3	4	5	7	9	10	11	12	13	14	15	16	17	18	19	20	21	22	23	25	26	27	
931	1	2	3	4	5	6	7	8	9	11	12	13	14	15	17	18	19	20	21	22	23	24	25	26	27	
932	1	2	3	4	5	7	8	9	10	11	12	13	14	15	16	17	18	19	20	21	22	23	24	25	26	
933	4	5	7	8	9	10	11	12	13	19	25	
934	1	2	3	4	5	7	8	9	10	11	12	13	14	15	17	18	19	20	21	23	24	25	26	27	
935	1	2	3	4	5	6	7	8	9	10	11	12	13	14	15	16	17	18	19	20	21	23	25	26	27	
936	1	2	3	4	5	6	7	8	9	10	11	12	13	14	15	17	18	19	20	21	22	24	25	26	27	
937	1	2	3	4	5	7	9	10	11	12	13	15	18	19	20	21	25	26	27	
938	1	2	4	5	6	7	8	9	10	11	12	13	14	15	17	18	19	20	21	22	23	24	25	26	27	
939	2	4	5	6	7	8	9	10	11	12	13	14	15	17	18	19	21	22	24	25	26	27	
940	1	2	4	5	6	7	8	9	10	11	12	13	14	15	17	18	19	20	21	22	23	24	25	26	27	
941	1	3	4	5	6	7	8	9	10	11	12	13	14	17	19	20	21	22	24	25	26	27	
942	1	2	4	5	6	7	8	9	10	11	12	13	14	15	17	18	19	20	23	25	
943	1	3	4	5	6	7	8	9	10	11	12	13	14	16	17	19	20	21	22	25	26	27	
944	2	3	4	5	7	8	9	10	11	12	13	14	15	17	18	19	20	21	25	26	27	
945	1	2	3	4	5	6	7	8	9	10	11	12	13	14	15	17	18	19	20	22	23	24	25	26	27	
946	1	2	3	4	5	6	7	8	9	10	11	12	13	14	15	17	18	19	20	23	24	25	26	27	
947	1	2	3	4	5	7	8	9	10	11	12	13	14	15	17	18	19	20	21	23	24	25	26	27	
948	1	2	3	4	5	6	7	8	9	10	11	12	13	14	15	17	18	19	20	21	22	23	24	25	26	
949	2	4	5	6	7	8	9	10	11	13	14	15	16	17	18	19	20	21	22	23	24	25	
950	1	2	3	4	5	6	7	8	9	11	12	13	14	15	17	18	19	20	21	22	23	24	25	26	27	
951	1	2	3	4	5	6	7	8	9	10	11	12	13	14	15	17	18	19	20	21	22	24	25	26	27	
952	1	2	3	4	5	6	7	8	9	11	12	13	14	15	17	18	19	20	22	23	24	25	26	27	
953	1	2	3	4	5	6	7	9	10	11	12	13	14	15	17	18	19	20	21	22	23	24	25	26	27	
954	1	3	4	5	7	8	9	10	11	12	13	14	17	19	25	27	
955	1	3	4	5	6	7	8	9	10	11	12	13	14	17	19	20	21	22	24	25	26	
956	1	2	3	4	5	6	7	8	9	11	12	13	14	15	16	17	18	19	20	21	22	23	24	25	26	
957	1	3	4	5	6	7	8	9	10	11	12	13	14	16	17	19	20	21	22	24	25	26	27	
958	1	2	3	4	5	6	7	8	9	10	11	12	13	14	15	17	18	19	20	21	22	24	25	26	27	
959	1	2	3	4	5	6	7	8	9	10	11	12	13	14	15	17	18	19	20	22	23	24	25	26	
960	1	2	4	5	7	8	9	10	11	12	13	14	15	17	18	19	20	21	22	23	24	25	26	27	
961	1	2	3	4	5	6	7	8	9	10	11	12	13	14	15	17	18	19	20	21	22	23	24	25	26	
962	1	2	3	4	5	7	8	9	10	11	12	13	14	15	17	18	19	20	21	22	23	24	25	26	27	
963	1	3	4	5	6	7	8	9	10	11	12	13	14	16	17	19	20	21	22	24	25	26	27	
964	1	2	3	4	5	7	8	9	10	11	12	13	14	15	17	18	19	20	23	25	26	27	
965	1	2	3	4	5	7	8	9	10	11	12	13	14	15	17	18	19	20	23	25	26	27	
966	1	2	3	4	5	6	7	9	10	11	12	13	14	15	17	18	19	20	21	22	23	24	25	26	27	
967	1	2	3	4	5	6	7	8	9	10	11	12	13	14	15	17	18	19	21	22	23	24	25	27	
968	1	2	3	4	5	6	7	8	9	10	11	12	13	14	15	17	18	19	20	21	22	23	24	25	26	
969	1	2	3	4	5	7	8	9	10	11	12	13	14	15	17	18	19	20	21	23	25	26	27	
970	1	2	3	4	5	6	7	8	9	10	11	12	13	14	15	17	18	19	20	21	22	23	24	25	26	
971	1	3	4	5	6	7	8	9	10	11	12	13	14	16	17	19	20	21	22	24	25	26	27	
972	1	2	3	4	5	7	8	9	10	11	12	13	14	15	17	18	19	20	23	25	26	
973	1	2	4	5	7	8	9	10	11	12	13	14	15	16	17	18	19	20	21	23	25	26	27	
974	2	3	4	5	7	9	10	11	12	13	14	15	17	18	19	20	21	23	25	27	
975	2	3	4	5	7	9	10	11	12	13	14	15	16	17	18	19	20	22	23	24	25	26	27	
976	2	3	4	5	6	7	8	9	10	11	12	13	14	15	16	17	18	19	20	23	25	27	
977	1	2	3	4	5	7	8	9	10	11	12	13	14	15	16	17	18	19	20	21	22	23	25	26	27	
978	1	2	3	4	5	7	8	9	10	11	12	13	14	15	16	17	18	19	20	21	22	23	25	26	27	
979	1	2	3	4	5	6	7	8	9	10	11	12	13	14	15	17	18	19	20	21	22	24	25	26	27	
980	1	3	4	5	7	8	9	10	11	12	13	14	17	19	20	25	26	27	
981	1	2	3	4	5	6	7	8	9	10	11	12	13	14	15	16	17	18	19	20	21	23	25	26	27	
982	1	2	3	4	5	6	7	9	10	11	12	13	14	15	17	18	19	21	25	26	27	
983	1	4	5	7	8	9	10	11	12	13	14	17	19	21	25	26	27	
984	1	2	3	4	5	6	7	8	9	10	11	12	13	14	15	17	18	19	20	22	23	24	25	26	27	
985	1	2	3	4	5	6	7	8	9	10	11	12	13	14	15	17	18	19	20	21	22	23	25	26	27	
986	1	2	3	4	5	6	7	8	9	10	11	12	13	14	15	17	18	19	20	22	23	24	25	26	27	
987	1	2	3	4	5	6	7	9	11	12	13	14	15	16	17	18	19	20	21	22	23	24	25	26	27	
988	1	2	3	4	5	6	7	9	10	11	12	13	14	15	17	18	19	20	21	22	23	24	25	26	
989	1	2	3	4	5	6	7	8	9	10	11	12	13	14	15	17	18	19	20	21	23	24	25	26	27	
990	1	3	4	5	7	8	9	11	12	13	14	17	19	21	25	26	27	
