1	18	28	33	35	37	51	53	55	60	66	78	83	91	94	101	107	108	111	131	146	148	150	154	178	189	200	205	206	211	226	261	269	272	289	293	295	304	315	318	328	330	345	348	352	358	360	361	365	367	369	380	382	384	431	433	442	449	458	460	465	471	472	500	505	511	514	517	529	530	537	543	553	562	564	580	591	604	623	626	630	634	638	663	667	669	674	682	685	687	690	692	777	780	786	789	792	793	806	819	842	847	850	857	864	866	877	881	912	926	933	939	944	949	974	975	976	
2	3	6	11	15	28	43	49	53	60	63	66	69	74	78	83	86	93	95	130	131	132	141	148	152	158	175	200	204	206	221	224	225	229	234	236	238	246	247	250	262	270	279	289	295	296	309	318	319	321	323	336	349	364	380	385	392	398	401	406	410	413	421	425	429	435	448	449	460	465	466	471	474	500	539	547	553	555	563	567	570	571	573	575	578	580	582	600	602	603	605	615	626	627	629	643	644	655	690	707	708	715	750	755	765	772	781	792	796	804	806	810	816	824	828	845	850	853	881	883	885	891	895	905	911	919	927	933	941	943	954	955	957	963	971	980	983	990	
3	11	15	17	24	28	31	41	49	50	58	66	69	83	96	102	105	108	110	111	112	115	122	124	131	141	142	146	166	170	173	174	180	186	196	197	198	199	200	201	202	206	210	214	221	223	224	227	239	240	258	259	266	269	272	275	278	289	293	295	299	303	308	315	318	319	322	327	344	345	346	347	350	354	361	364	366	371	380	383	384	389	400	404	416	428	436	437	449	457	465	466	471	472	477	478	481	490	496	500	507	514	516	518	529	533	537	540	546	553	556	559	562	567	568	581	590	617	626	627	634	653	662	663	668	671	674	682	683	686	690	692	694	703	706	707	715	719	722	730	736	743	749	776	778	779	786	789	791	792	795	798	804	805	811	812	819	824	834	851	852	858	860	864	865	873	881	883	896	904	906	914	918	927	933	938	939	940	942	949	960	973	983	
4	662	792	
5	716	
6	2	3	6	12	13	14	15	20	25	28	29	35	36	37	38	39	42	51	52	53	56	57	58	59	60	61	62	65	66	67	69	70	71	74	76	79	83	84	85	86	88	90	92	94	96	97	99	101	102	103	105	108	110	111	112	113	114	116	117	121	122	124	128	129	130	131	134	135	140	141	144	146	148	151	153	154	156	157	158	159	160	164	168	169	174	177	179	180	182	183	184	186	187	190	191	193	194	195	198	200	201	202	203	204	211	213	215	216	217	220	222	224	225	226	227	229	231	232	237	240	243	244	245	249	250	251	252	255	256	257	259	263	265	270	271	272	273	274	277	279	286	287	288	289	290	292	293	294	295	296	297	298	303	304	305	306	308	310	312	314	315	318	320	323	325	326	327	328	330	333	334	335	336	340	341	346	347	354	357	358	360	361	364	367	368	374	377	379	380	381	387	388	390	391	396	397	398	400	402	403	406	410	412	421	423	424	425	427	430	433	435	440	441	442	443	444	445	447	448	450	451	452	453	457	460	461	462	465	466	469	470	471	472	473	474	476	477	479	483	484	486	487	488	489	493	499	500	502	506	508	509	510	512	520	525	526	527	528	529	531	536	537	539	540	542	547	552	553	554	556	560	569	570	571	572	575	576	579	580	582	583	585	586	590	594	597	600	601	602	603	605	606	608	609	610	613	615	616	626	627	628	629	635	636	638	641	643	644	645	650	654	656	657	659	660	663	665	666	672	673	674	676	678	686	688	689	690	691	693	694	697	698	699	705	706	707	708	709	710	712	713	715	719	723	724	725	727	728	730	732	734	735	736	741	743	745	747	750	754	756	757	759	760	761	763	765	767	769	771	777	778	782	783	784	787	788	790	791	792	794	802	804	806	810	812	814	815	816	817	819	820	821	824	825	826	828	830	831	832	834	846	847	850	853	856	858	859	861	863	864	865	866	867	873	875	880	881	882	883	889	891	894	895	896	899	902	903	904	906	907	908	911	914	918	920	921	923	926	927	928	929	930	932	933	934	937	944	947	954	960	962	964	965	969	972	973	974	975	977	978	980	983	990	
7	764	792	
8	7	8	16	18	28	32	37	38	43	48	49	56	59	61	67	68	69	72	82	89	94	100	102	106	128	146	148	163	176	191	200	206	209	221	229	235	263	268	284	297	309	313	331	336	358	365	366	374	380	390	391	395	402	408	412	414	424	426	430	431	450	452	454	455	473	474	480	488	490	500	515	518	521	524	527	539	554	561	564	565	578	580	584	589	595	610	615	626	634	639	646	650	652	656	660	661	668	669	673	679	681	691	700	701	709	711	733	735	740	744	756	759	765	766	768	773	774	779	785	786	792	794	799	804	816	818	836	849	850	855	866	870	880	888	894	903	911	918	927	930	937	953	966	974	975	982	987	988	
9	752	
10	5	23	26	27	28	30	44	45	48	50	51	63	74	87	98	100	103	108	110	114	115	117	125	126	127	129	131	133	137	138	145	162	165	169	171	185	186	189	196	219	222	225	248	260	270	276	278	282	283	293	306	308	311	317	320	327	346	350	351	355	359	362	363	376	380	384	386	393	399	405	407	418	423	434	435	436	455	458	468	473	476	477	488	491	500	504	518	524	526	532	551	553	554	558	559	566	570	577	580	581	598	602	608	610	626	629	630	632	646	648	658	662	665	673	680	689	690	691	701	707	708	717	736	757	762	777	785	789	792	793	837	839	840	857	858	865	873	875	876	879	880	898	899	904	918	931	950	952	956	987	990	
11	74	132	186	219	235	436	523	559	566	682	
12	803	949	
13	10	25	51	64	66	75	78	95	103	108	130	180	200	211	240	255	274	289	314	315	321	323	379	396	469	471	477	506	545	549	554	626	657	659	673	686	707	715	719	730	777	782	819	840	851	894	
14	9	15	50	51	53	66	69	73	75	78	83	99	108	123	130	147	221	262	263	279	280	289	295	304	321	370	375	397	400	428	471	474	525	534	540	549	582	602	626	638	681	690	698	707	713	714	741	769	792	794	809	810	812	815	828	881	895	897	927	933	937	
15	3	6	11	15	28	43	49	53	60	63	66	69	74	78	83	86	93	95	130	131	132	141	148	152	158	175	200	204	206	221	224	225	229	234	236	238	246	247	250	262	270	279	289	295	296	309	318	319	321	323	336	349	364	380	385	392	398	401	406	410	413	421	425	429	435	448	449	460	465	466	471	474	500	539	547	553	555	563	567	570	571	573	575	578	580	582	600	602	603	605	615	626	627	629	643	644	655	690	707	708	715	750	755	765	772	781	792	796	804	806	810	816	824	828	845	850	853	881	883	885	891	895	905	911	919	927	933	941	943	954	955	957	963	971	980	983	990	
16	1	2	3	4	6	7	8	10	13	14	15	16	17	18	19	20	22	26	27	28	29	31	33	34	35	36	37	40	44	46	47	49	50	53	55	58	65	66	69	71	72	74	77	78	79	80	81	83	84	85	86	91	92	96	97	99	102	103	104	105	107	109	110	111	112	113	114	115	117	119	120	124	126	129	130	131	134	135	136	137	138	139	140	141	142	146	148	149	152	154	155	156	158	159	160	162	163	164	165	166	167	168	169	170	172	173	175	179	180	181	182	184	186	187	188	189	190	192	193	194	195	196	197	198	199	200	202	204	205	206	207	208	210	211	212	214	216	217	218	219	223	224	225	226	227	228	229	231	233	234	236	238	240	241	242	243	244	245	247	251	253	254	255	256	257	258	259	261	264	265	266	268	269	270	271	272	273	275	276	277	278	279	282	284	285	288	289	292	293	294	295	296	297	299	300	301	302	303	304	307	308	309	310	311	312	313	314	315	316	317	318	319	320	322	323	324	326	328	329	330	331	332	333	334	335	337	338	339	340	341	342	343	344	345	346	347	351	352	353	354	355	356	358	359	360	361	362	363	364	365	366	367	368	369	371	372	373	374	376	377	379	380	381	382	383	384	386	388	389	390	391	393	394	395	396	397	398	400	404	405	406	407	408	410	411	414	416	417	418	419	422	423	425	426	430	432	433	435	437	438	443	446	447	448	449	450	451	452	453	454	456	459	460	461	463	464	465	466	467	468	469	471	472	473	474	475	476	477	478	479	480	481	482	484	485	486	488	489	491	492	494	496	497	499	500	501	503	504	506	507	508	509	511	513	516	517	518	520	522	524	527	529	530	531	532	533	535	537	538	539	542	543	544	545	546	547	548	550	551	553	554	555	556	558	560	561	562	565	567	568	569	570	572	574	576	580	581	585	587	589	591	592	594	595	596	598	599	601	603	604	605	607	608	609	610	611	614	616	618	619	620	622	624	626	627	629	630	631	633	634	635	636	637	638	640	642	643	644	645	646	647	648	649	650	652	654	657	659	661	663	664	667	669	670	671	674	675	677	680	682	683	684	685	686	687	688	690	691	692	694	695	696	698	699	700	702	704	705	706	707	708	709	711	713	715	717	718	720	721	722	724	726	727	728	729	730	731	733	734	736	737	739	740	741	742	743	745	748	749	750	751	753	754	757	759	760	762	763	766	768	769	770	772	773	774	775	776	777	778	780	781	782	783	784	786	787	788	789	791	792	793	794	795	797	798	802	804	805	806	807	808	810	811	812	813	815	816	817	818	819	821	823	824	826	828	829	830	832	833	834	835	836	837	838	839	841	842	843	844	845	846	847	848	849	850	852	854	857	858	859	860	861	862	863	864	865	867	868	869	870	871	872	873	874	875	876	877	878	879	880	881	883	884	886	887	892	894	895	897	898	900	901	902	904	906	907	908	909	911	915	916	918	920	921	922	924	925	926	927	929	931	933	934	936	937	938	939	940	941	942	944	945	946	947	948	950	951	952	953	954	955	958	959	960	961	962	964	965	966	967	968	969	970	972	974	979	980	982	983	984	985	986	988	989	990	
17	9	15	50	51	53	66	69	73	75	78	83	99	108	123	130	147	221	262	263	279	280	289	295	304	321	370	375	397	400	428	471	474	525	534	540	549	582	602	626	638	681	690	698	707	713	714	741	769	792	794	809	810	812	815	828	881	895	897	927	933	937	
18	3	6	11	15	28	43	49	53	60	63	66	69	74	78	83	86	93	95	130	131	132	141	148	152	158	175	200	204	206	221	224	225	229	234	236	238	246	247	250	262	270	279	289	295	296	309	318	319	321	323	336	349	364	380	385	392	398	401	406	410	413	421	425	429	435	448	449	460	465	466	471	474	500	539	547	553	555	563	567	570	571	573	575	578	580	582	600	602	603	605	615	626	627	629	643	644	655	690	707	708	715	750	755	765	772	781	792	796	804	806	810	816	824	828	845	850	853	881	883	885	891	895	905	911	919	927	933	941	943	954	955	957	963	971	980	983	990	
19	792	
20	3	6	8	43	51	53	66	69	83	91	94	97	101	110	112	118	131	132	139	141	148	164	169	190	200	211	224	225	230	231	240	255	259	268	269	272	279	289	295	298	318	323	326	327	328	346	352	369	380	382	398	400	435	465	469	471	474	484	530	539	540	555	562	580	584	603	608	612	626	627	629	638	641	653	655	674	685	688	690	691	696	707	708	712	752	781	782	786	789	792	794	799	803	806	810	812	823	825	828	831	842	858	864	865	869	881	884	889	894	896	933	939	954	967	982	983	990	
21	1	2	4	5	18	20	25	28	32	33	35	37	40	45	49	50	53	54	55	58	59	63	65	66	78	83	88	90	91	94	97	104	105	110	111	112	115	118	119	120	130	131	133	135	145	146	148	150	154	163	164	170	172	173	176	177	178	182	185	189	190	199	200	205	206	207	211	212	216	221	223	224	225	226	234	239	247	255	259	263	264	265	269	270	272	279	281	282	283	285	287	289	293	295	296	300	302	304	305	315	316	318	325	326	327	346	347	348	352	353	354	360	361	364	365	367	369	373	374	378	380	384	390	395	396	398	399	409	411	420	421	425	433	435	447	449	453	456	460	465	468	471	472	474	477	481	482	489	492	497	498	499	500	501	503	504	505	508	511	514	516	517	518	519	529	531	535	537	539	541	544	553	555	562	574	579	580	582	585	591	592	593	594	603	605	609	610	613	614	616	618	621	622	623	624	626	627	629	630	635	636	637	638	641	642	649	650	664	665	667	668	670	674	681	684	685	687	690	691	695	696	699	704	705	707	708	709	710	711	715	723	727	732	736	737	741	742	744	749	759	761	763	769	770	771	777	782	784	786	788	789	791	792	794	798	801	802	804	806	807	808	810	812	813	815	818	819	822	823	824	828	832	838	842	844	846	847	850	851	856	858	859	861	864	865	868	874	875	877	879	880	881	882	888	889	890	892	893	898	901	904	906	908	909	911	912	915	916	917	918	926	927	928	933	942	945	946	952	954	959	964	965	972	975	976	980	984	986	
22	2	6	12	13	14	15	21	22	34	35	37	42	43	51	53	56	58	59	60	61	62	63	64	65	66	68	69	71	74	76	79	80	83	89	94	96	99	102	105	106	108	110	111	112	114	115	118	121	122	124	129	130	131	135	136	140	141	143	144	146	148	149	151	154	155	156	158	160	161	164	169	180	182	187	188	190	193	196	198	200	202	203	208	209	211	214	217	219	220	223	224	225	226	228	231	232	233	237	240	242	244	249	252	254	255	259	263	267	270	272	273	274	277	278	279	281	286	288	289	290	291	292	293	294	295	296	303	304	306	310	312	313	318	323	325	326	327	328	330	337	343	346	347	348	357	360	361	364	368	377	380	381	388	390	396	397	398	400	403	410	415	417	423	424	425	430	432	433	435	438	439	440	444	447	448	450	451	453	457	458	459	461	462	463	465	466	469	471	472	473	474	475	476	479	483	484	486	487	488	489	498	499	500	502	506	508	510	512	516	520	522	528	529	531	536	539	540	542	552	553	554	556	567	569	570	572	573	577	580	582	583	585	587	589	594	599	600	603	605	608	610	615	625	626	627	629	632	635	637	638	644	650	654	657	665	666	672	673	674	676	678	682	688	689	690	693	694	699	702	707	708	709	712	715	717	719	724	725	726	727	728	730	734	736	741	743	747	750	757	759	760	763	765	767	769	775	776	777	778	781	783	784	787	788	789	791	792	794	801	802	804	806	810	812	813	814	815	816	817	819	820	821	824	827	828	830	831	832	834	838	847	850	851	855	858	861	863	864	865	866	869	871	873	875	880	881	883	889	890	891	894	896	902	904	906	908	910	911	914	918	920	921	926	927	929	933	934	935	937	942	944	946	947	954	964	965	969	972	973	974	976	980	981	982	983	989	990	
23	3	6	11	15	19	28	34	43	49	53	60	63	66	69	74	78	79	83	86	93	95	96	127	130	131	132	135	140	141	148	152	156	158	175	195	198	200	204	206	214	221	224	225	228	229	234	236	238	242	244	246	247	250	256	260	262	270	277	279	288	289	295	296	297	301	304	309	318	319	321	323	324	329	330	334	335	336	345	347	349	361	364	365	371	380	382	385	391	392	398	401	406	410	413	417	421	422	425	429	435	448	449	450	460	465	466	471	472	474	475	486	500	511	539	547	550	553	554	555	560	563	567	570	571	573	575	578	580	581	582	600	602	603	605	610	615	626	627	629	635	640	643	644	647	655	659	690	694	707	708	709	715	727	739	750	755	759	765	768	772	780	781	786	787	788	791	792	796	797	804	806	807	810	813	816	824	828	829	834	845	850	851	853	858	862	867	872	877	881	883	885	886	891	892	895	900	905	907	911	916	919	926	927	933	936	937	939	941	943	944	951	954	955	957	958	963	971	979	980	982	983	990	
24	2	6	13	14	15	21	28	34	35	38	39	42	50	51	53	60	62	66	67	69	71	74	77	79	83	88	94	96	99	105	108	109	110	111	112	114	115	116	117	118	119	128	130	131	135	136	140	143	148	153	154	156	158	160	161	164	167	169	177	180	183	190	191	196	198	200	201	202	203	211	213	220	224	225	226	227	229	231	233	237	240	242	244	249	250	252	253	254	255	257	259	265	267	270	272	274	277	278	279	286	288	289	290	291	293	294	295	296	304	306	313	315	318	323	325	327	328	330	342	346	347	348	356	357	358	360	361	367	380	383	390	392	393	397	398	400	403	410	419	420	421	423	424	425	430	433	435	439	440	441	443	445	448	449	450	451	452	453	457	460	461	462	463	465	466	469	470	471	472	473	474	475	476	483	484	486	487	488	489	493	499	500	506	508	510	512	513	515	517	525	527	529	539	547	550	552	554	556	557	558	569	572	576	579	580	581	582	583	585	586	589	590	593	594	596	597	598	602	603	605	608	610	615	625	626	629	636	637	638	640	641	644	650	654	660	665	666	672	673	674	678	682	688	690	691	693	697	699	705	707	708	709	712	715	727	728	729	730	739	741	750	757	759	760	763	769	772	775	780	783	784	787	788	789	790	791	792	794	797	802	804	806	810	812	813	816	819	820	821	827	828	830	846	850	851	854	858	861	863	864	865	866	869	873	875	877	879	880	881	883	888	889	894	895	899	901	906	907	908	910	911	923	926	927	930	933	935	937	942	943	944	954	964	965	969	972	973	974	976	977	978	980	981	982	983	985	990	
25	764	914	
26	20	25	28	37	50	51	52	53	66	74	78	81	83	91	94	102	105	107	110	115	129	130	132	145	146	154	164	170	180	181	188	189	190	192	193	200	205	206	211	218	224	225	226	234	244	259	264	265	269	270	272	278	289	295	304	306	315	318	335	345	346	348	352	358	360	365	368	369	378	379	380	384	390	413	430	433	448	458	459	460	465	471	474	481	482	484	489	494	497	500	519	521	529	531	543	553	555	562	567	569	582	585	594	610	611	621	622	623	626	628	629	630	634	637	638	639	644	651	659	674	675	685	690	699	705	707	708	709	720	727	731	736	738	742	746	749	758	763	766	769	775	784	786	788	789	792	794	802	806	812	813	818	819	822	823	824	828	832	842	847	849	850	851	858	859	864	866	868	871	875	877	881	884	887	893	894	906	925	927	928	933	942	949	954	967	974	976	
27	5	13	15	17	23	24	28	30	35	41	44	46	47	50	51	53	57	69	70	71	74	77	78	80	82	87	89	98	101	103	105	108	115	119	125	126	130	142	145	157	166	169	173	181	186	188	189	206	214	215	219	222	223	224	225	226	227	230	232	241	243	245	248	258	263	269	272	277	289	293	307	308	323	332	338	339	345	346	356	361	365	366	369	372	380	382	383	384	387	388	393	394	409	415	421	423	427	430	434	436	437	461	464	465	466	467	468	474	476	480	481	485	492	505	507	509	511	513	517	518	523	538	540	541	543	544	548	551	557	562	564	568	574	580	593	602	603	606	607	612	617	619	620	626	631	633	649	651	658	659	665	674	676	677	679	680	687	690	696	703	713	715	718	721	730	736	738	740	741	746	748	749	751	752	753	758	762	765	766	772	792	793	798	801	803	805	817	822	826	833	835	841	843	847	848	851	852	858	860	867	868	873	878	880	881	883	893	917	922	923	924	928	932	933	942	948	949	955	956	959	961	968	970	972	988	
