1	16	21	
2	6	16	21	22	24	
3	2	6	15	16	18	20	23	
4	16	21	
5	10	21	27	
6	2	6	15	16	18	20	22	23	24	
7	8	16	
8	8	16	20	
9	14	17	
10	13	16	
11	2	3	15	18	23	
12	6	22	
13	6	16	22	24	27	
14	6	16	22	24	
15	2	3	6	14	15	16	17	18	22	23	24	27	
16	8	16	
17	3	16	27	
18	1	8	16	21	
19	16	23	
20	6	16	21	26	
21	22	24	
22	16	22	
23	10	27	
24	3	27	
25	6	13	21	26	
26	10	16	
27	10	16	
28	1	2	3	6	8	10	15	16	18	21	23	24	26	27	
29	6	16	
30	10	27	
31	3	16	
32	8	21	
33	1	16	21	
34	16	22	23	24	
35	1	6	16	21	22	24	27	
36	6	16	
37	1	6	8	16	21	22	26	
38	6	8	24	
39	6	24	
40	16	21	
41	3	27	
42	6	22	24	
43	2	8	15	18	20	22	23	
44	10	16	27	
45	10	21	
46	16	27	
47	16	27	
48	8	10	
49	2	3	8	15	16	18	21	23	
50	3	10	14	16	17	21	24	26	27	
51	1	6	10	13	14	17	20	22	24	26	27	
52	6	26	
53	1	2	6	14	15	16	17	18	20	21	22	23	24	26	27	
54	21	
55	1	16	21	
56	6	8	22	
57	6	27	
58	3	6	16	21	22	
59	6	8	21	22	
60	1	2	6	15	18	22	23	24	
61	6	8	22	
62	6	22	24	
63	2	10	15	18	21	22	23	
64	13	22	
65	6	16	21	22	
66	1	2	3	6	13	14	15	16	17	18	20	21	22	23	24	26	
67	6	8	24	
68	8	22	
69	2	3	6	8	14	15	16	17	18	20	22	23	24	27	
70	6	27	
71	6	16	22	24	27	
72	8	16	
73	14	17	
74	2	6	10	11	15	16	18	22	23	24	26	27	
75	13	14	17	
76	6	22	
77	16	24	27	
78	1	2	13	14	15	16	17	18	21	23	26	27	
79	6	16	22	23	24	
80	16	22	27	
81	16	26	
82	8	27	
83	1	2	3	6	14	15	16	17	18	20	21	22	23	24	26	
84	6	16	
85	6	16	
86	2	6	15	16	18	23	
87	10	27	
88	6	21	24	
89	8	22	27	
90	6	21	
91	1	16	20	21	26	
92	6	16	
93	2	15	18	23	
94	1	6	8	20	21	22	24	26	
95	2	13	15	18	23	
96	3	6	16	22	23	24	
97	6	16	20	21	
98	10	27	
99	6	14	16	17	22	24	
100	8	10	
101	1	6	20	27	
102	3	6	8	16	22	26	
103	6	10	13	16	27	
104	16	21	
105	3	6	16	21	22	24	26	27	
106	8	22	
107	1	16	26	
108	1	3	6	10	13	14	17	22	24	27	
109	16	24	
110	3	6	10	16	20	21	22	24	26	
111	1	3	6	16	21	22	24	
112	3	6	16	20	21	22	24	
113	6	16	
114	6	10	16	22	24	
115	3	10	16	21	22	24	26	27	
116	6	24	
117	6	10	16	24	
118	20	21	22	24	
119	16	21	24	27	
120	16	21	
121	6	22	
122	3	6	22	
123	14	17	
124	3	6	16	22	
125	10	27	
126	10	16	27	
127	10	23	
128	6	8	24	
129	6	10	16	22	26	
130	2	6	13	14	15	16	17	18	21	22	23	24	26	27	
131	1	2	3	6	10	15	16	18	20	21	22	23	24	
132	2	11	15	18	20	23	26	
133	10	21	
134	6	16	
135	6	16	21	22	23	24	
136	16	22	24	
137	10	16	
138	10	16	
139	16	20	
140	6	16	22	23	24	
141	2	3	6	15	16	18	20	22	23	
142	3	16	27	
143	22	24	
144	6	22	
145	10	21	26	27	
146	1	3	6	8	16	21	22	26	
147	14	17	
148	1	2	6	8	15	16	18	20	21	22	23	24	
149	16	22	
150	1	21	
151	6	22	
152	2	15	16	18	23	
153	6	24	
154	1	6	16	21	22	24	26	
155	16	22	
156	6	16	22	23	24	
157	6	27	
158	2	6	15	16	18	22	23	24	
159	6	16	
160	6	16	22	24	
161	22	24	
162	10	16	
163	8	16	21	
164	6	16	20	21	22	24	26	
165	10	16	
166	3	16	27	
167	16	24	
168	6	16	
169	6	10	16	20	22	24	27	
170	3	16	21	26	
171	10	
172	16	21	
173	3	16	21	27	
174	3	6	
175	2	15	16	18	23	
176	8	21	
177	6	21	24	
178	1	21	
179	6	16	
180	3	6	13	16	22	24	26	
181	16	26	27	
182	6	16	21	22	
183	6	24	
184	6	16	
185	10	21	
186	3	6	10	11	16	27	
187	6	16	22	
188	16	22	26	27	
189	1	10	16	21	26	27	
190	6	16	20	21	22	24	26	
191	6	8	24	
192	16	26	
193	6	16	22	26	
194	6	16	
195	6	16	23	
196	3	10	16	22	24	
197	3	16	
198	3	6	16	22	23	24	
199	3	16	21	
200	1	2	3	6	8	13	15	16	18	20	21	22	23	24	26	
201	3	6	24	
202	3	6	16	22	24	
203	6	22	24	
204	2	6	15	16	18	23	
205	1	16	21	26	
206	1	2	3	8	15	16	18	21	23	26	27	
207	16	21	
208	16	22	
209	8	22	
210	3	16	
211	1	6	13	16	20	21	22	24	26	
212	16	21	
213	6	24	
214	3	16	22	23	27	
215	6	27	
216	6	16	21	
217	6	16	22	
218	16	26	
219	10	11	16	22	27	
220	6	22	24	
221	2	3	8	14	15	17	18	21	23	
222	6	10	27	
223	3	16	21	22	27	
224	2	3	6	15	16	18	20	21	22	23	24	26	27	
225	2	6	10	15	16	18	20	21	22	23	24	26	27	
226	1	6	16	21	22	24	26	27	
227	3	6	16	24	27	
228	16	22	23	
229	2	6	8	15	16	18	23	24	
230	20	27	
231	6	16	20	22	24	
232	6	22	27	
233	16	22	24	
234	2	15	16	18	21	23	26	
235	8	11	
236	2	15	16	18	23	
237	6	22	24	
238	2	15	16	18	23	
239	3	21	
240	3	6	13	16	20	22	24	
241	16	27	
242	16	22	23	24	
243	6	16	27	
244	6	16	22	23	24	26	
245	6	16	27	
246	2	15	18	23	
247	2	15	16	18	21	23	
248	10	27	
249	6	22	24	
250	2	6	15	18	23	24	
251	6	16	
252	6	22	24	
253	16	24	
254	16	22	24	
255	6	13	16	20	21	22	24	
256	6	16	23	
257	6	16	24	
258	3	16	27	
259	3	6	16	20	21	22	24	26	
260	10	23	
261	1	16	
262	2	14	15	17	18	23	
263	6	8	14	17	21	22	27	
264	16	21	26	
265	6	16	21	24	26	
266	3	16	
267	22	24	
268	8	16	20	
269	1	3	16	20	21	26	27	
270	2	6	10	15	16	18	21	22	23	24	26	
271	6	16	
272	1	3	6	16	20	21	22	24	26	27	
273	6	16	22	
274	6	13	22	24	
275	3	16	
276	10	16	
277	6	16	22	23	24	27	
278	3	10	16	22	24	26	
279	2	6	14	15	16	17	18	20	21	22	23	24	
280	14	17	
281	21	22	
282	10	16	21	
283	10	21	
284	8	16	
285	16	21	
286	6	22	24	
287	6	21	
288	6	16	22	23	24	
289	1	2	3	6	13	14	15	16	17	18	20	21	22	23	24	26	27	
290	6	22	24	
291	22	24	
292	6	16	22	
293	1	3	6	10	16	21	22	24	27	
294	6	16	22	24	
295	1	2	3	6	14	15	16	17	18	20	21	22	23	24	26	
296	2	6	15	16	18	21	22	23	24	
297	6	8	16	23	
298	6	20	
299	3	16	
300	16	21	
301	16	23	
302	16	21	
303	3	6	16	22	
304	1	6	14	16	17	21	22	23	24	26	
305	6	21	
306	6	10	22	24	26	
307	16	27	
308	3	6	10	16	27	
309	2	8	15	16	18	23	
310	6	16	22	
311	10	16	
312	6	16	22	
313	8	16	22	24	
314	6	13	16	
315	1	3	6	13	16	21	24	26	
316	16	21	
317	10	16	
318	1	2	3	6	15	16	18	20	21	22	23	24	26	
319	2	3	15	16	18	23	
320	6	10	16	
321	2	13	14	15	17	18	23	
322	3	16	
323	2	6	13	15	16	18	20	22	23	24	27	
324	16	23	
325	6	21	22	24	
326	6	16	20	21	22	
327	3	6	10	20	21	22	24	
328	1	6	16	20	22	24	
329	16	23	
330	1	6	16	22	23	24	
331	8	16	
332	16	27	
333	6	16	
334	6	16	23	
335	6	16	23	26	
336	2	6	8	15	18	23	
337	16	22	
338	16	27	
339	16	27	
340	6	16	
341	6	16	
342	16	24	
343	16	22	
344	3	16	
345	1	3	16	23	26	27	
346	3	6	10	16	20	21	22	24	26	27	
347	3	6	16	21	22	23	24	
348	1	21	22	24	26	
349	2	15	18	23	
350	3	10	
351	10	16	
352	1	16	20	21	26	
353	16	21	
354	3	6	16	21	
355	10	16	
356	16	24	27	
357	6	22	24	
358	1	6	8	16	24	26	
359	10	16	
360	1	6	16	21	22	24	26	
361	1	3	6	16	21	22	23	24	27	
362	10	16	
363	10	16	
364	2	3	6	15	16	18	21	22	23	
365	1	8	16	21	23	26	27	
366	3	8	16	27	
367	1	6	16	21	24	
368	6	16	22	26	
369	1	16	20	21	26	27	
370	14	17	
371	3	16	23	
372	16	27	
373	16	21	
374	6	8	16	21	
375	14	17	
376	10	16	
377	6	16	22	
378	21	26	
379	6	13	16	26	
380	1	2	3	6	8	10	15	16	18	20	21	22	23	24	26	27	
381	6	16	22	
382	1	16	20	23	27	
383	3	16	24	27	
384	1	3	10	16	21	26	27	
385	2	15	18	23	
386	10	16	
387	6	27	
388	6	16	22	27	
389	3	16	
390	6	8	16	21	22	24	26	
391	6	8	16	23	
392	2	15	18	23	24	
393	10	16	24	27	
394	16	27	
395	8	16	21	
396	6	13	16	21	22	
397	6	14	16	17	22	24	
398	2	6	15	16	18	20	21	22	23	24	
399	10	21	
400	3	6	14	16	17	20	22	24	
401	2	15	18	23	
402	6	8	
403	6	22	24	
404	3	16	
405	10	16	
406	2	6	15	16	18	23	
407	10	16	
408	8	16	
409	21	27	
410	2	6	15	16	18	22	23	24	
411	16	21	
412	6	8	
413	2	15	18	23	26	
414	8	16	
415	22	27	
416	3	16	
417	16	22	23	
418	10	16	
419	16	24	
420	21	24	
421	2	6	15	18	21	23	24	27	
422	16	23	
423	6	10	16	22	24	27	
424	6	8	22	24	
425	2	6	15	16	18	21	22	23	24	
426	8	16	
427	6	27	
428	3	14	17	
429	2	15	18	23	
430	6	8	16	22	24	26	27	
431	1	8	
432	16	22	
433	1	6	16	21	22	24	26	
434	10	27	
435	2	6	10	15	16	18	20	21	22	23	24	
436	3	10	11	27	
437	3	16	27	
438	16	22	
439	22	24	
440	6	22	24	
441	6	24	
442	1	6	
443	6	16	24	
444	6	22	
445	6	24	
446	16	
447	6	16	21	22	
448	2	6	15	16	18	22	23	24	26	
449	1	2	3	15	16	18	21	23	24	
450	6	8	16	22	23	24	
451	6	16	22	24	
452	6	8	16	24	
453	6	16	21	22	24	
454	8	16	
455	8	10	
456	16	21	
457	3	6	22	24	
458	1	10	22	26	
459	16	22	26	
460	1	2	6	15	16	18	21	23	24	26	
461	6	16	22	24	27	
462	6	22	24	
463	16	22	24	
464	16	27	
465	1	2	3	6	15	16	18	20	21	22	23	24	26	27	
466	2	3	6	15	16	18	22	23	24	27	
467	16	27	
468	10	16	21	27	
469	6	13	16	20	22	24	
470	6	24	
471	1	2	3	6	13	14	15	16	17	18	20	21	22	23	24	26	
472	1	3	6	16	21	22	23	24	
473	6	8	10	16	22	24	
474	2	6	8	14	15	16	17	18	20	21	22	23	24	26	27	
475	16	22	23	24	
476	6	10	16	22	24	27	
477	3	6	10	13	16	21	
478	3	16	
479	6	16	22	
480	8	16	27	
481	3	16	21	26	27	
482	16	21	26	
483	6	22	24	
484	6	16	20	22	24	26	
485	16	27	
486	6	16	22	23	24	
487	6	22	24	
488	6	8	10	16	22	24	
489	6	16	21	22	24	26	
490	3	8	
491	10	16	
492	16	21	27	
493	6	24	
494	16	26	
495	
496	3	16	
497	16	21	26	
498	21	22	
499	6	16	21	22	24	
500	1	2	3	6	8	10	15	16	18	21	22	23	24	26	
501	16	21	
502	6	22	
503	16	21	
504	10	16	21	
505	1	21	27	
506	6	13	16	22	24	
507	3	16	27	
508	6	16	21	22	24	
509	6	16	27	
510	6	22	24	
511	1	16	21	23	27	
512	6	22	24	
513	16	24	27	
514	1	3	21	
515	8	24	
516	3	16	21	22	
517	1	16	21	24	27	
518	3	8	10	16	21	27	
519	21	26	
520	6	16	22	
521	8	26	
522	16	22	
523	11	27	
524	8	10	16	
525	6	14	17	24	
526	6	10	
527	6	8	16	24	
528	6	22	
529	1	3	6	16	21	22	24	26	
530	1	16	20	
531	6	16	21	22	26	
532	10	16	
533	3	16	
534	14	17	
535	16	21	
536	6	22	
537	1	3	6	16	21	
538	16	27	
539	2	6	8	15	16	18	20	21	22	23	24	
540	3	6	14	17	20	22	27	
541	21	27	
542	6	16	22	
543	1	16	26	27	
544	16	21	27	
545	13	16	
546	3	16	
547	2	6	15	16	18	23	24	
548	16	27	
549	13	14	17	
550	16	23	24	
551	10	16	27	
552	6	22	24	
553	1	2	3	6	10	15	16	18	21	22	23	26	
554	6	8	10	13	16	22	23	24	
555	2	15	16	18	20	21	23	26	
556	3	6	16	22	24	
557	24	27	
558	10	16	24	
559	3	10	11	
560	6	16	23	
561	8	16	
562	1	3	16	20	21	26	27	
563	2	15	18	23	
564	1	8	27	
565	8	16	
566	10	11	
567	2	3	15	16	18	22	23	26	
568	3	16	27	
569	6	16	22	24	26	
570	2	6	10	15	16	18	22	23	
571	2	6	15	18	23	
572	6	16	22	24	
573	2	15	18	22	23	
574	16	21	27	
575	2	6	15	18	23	
576	6	16	24	
577	10	22	
578	2	8	15	18	23	
579	6	21	24	
580	1	2	6	8	10	15	16	18	20	21	22	23	24	27	
581	3	10	16	23	24	
582	2	6	14	15	17	18	21	22	23	24	26	
583	6	22	24	
584	8	20	
585	6	16	21	22	24	26	
586	6	24	
587	16	22	
588	
589	8	16	22	24	
590	3	6	24	
591	1	16	21	
592	16	21	
593	21	24	27	
594	6	16	21	22	24	26	
595	8	16	
596	16	24	
597	6	24	
598	10	16	24	
599	16	22	
600	2	6	15	18	22	23	
601	6	16	
602	2	6	10	14	15	17	18	23	24	27	
603	2	6	15	16	18	20	21	22	23	24	27	
604	1	16	
605	2	6	15	16	18	21	22	23	24	
606	6	27	
607	16	27	
608	6	10	16	20	22	24	
609	6	16	21	
610	6	8	10	16	21	22	23	24	26	
611	16	26	
612	20	27	
613	6	21	
614	16	21	
615	2	6	8	15	18	22	23	24	
616	6	16	21	
617	3	27	
618	16	21	
619	16	27	
620	16	27	
621	21	26	
622	16	21	26	
623	1	21	26	
624	16	21	
625	22	24	
626	1	2	3	6	8	10	13	14	15	16	17	18	20	21	22	23	24	26	27	
627	2	3	6	15	16	18	20	21	22	23	
628	6	26	
629	2	6	10	15	16	18	20	21	22	23	24	26	
630	1	10	16	21	26	
631	16	27	
632	10	22	
633	16	27	
634	1	3	8	16	26	
635	6	16	21	22	23	
636	6	16	21	24	
637	16	21	22	24	26	
638	1	6	14	16	17	20	21	22	24	26	
639	8	26	
640	16	23	24	
641	6	20	21	24	
642	16	21	
643	2	6	15	16	18	23	
644	2	6	15	16	18	22	23	24	26	
645	6	16	
646	8	10	16	
647	16	23	
648	10	16	
649	16	21	27	
650	6	8	16	21	22	24	
651	26	27	
652	8	16	
653	3	20	
654	6	16	22	24	
655	2	15	18	20	23	
656	6	8	
657	6	13	16	22	
658	10	27	
659	6	13	16	23	26	27	
660	6	8	24	
661	8	16	
662	3	4	10	
663	1	3	6	16	
664	16	21	
665	6	10	21	22	24	27	
666	6	22	24	
667	1	16	21	
668	3	8	21	
669	1	8	16	
670	16	21	
671	3	16	
672	6	22	24	
673	6	8	10	13	22	24	
674	1	3	6	16	20	21	22	24	26	27	
675	16	26	
676	6	22	27	
677	16	27	
678	6	22	24	
679	8	27	
680	10	16	27	
681	8	14	17	21	
682	1	3	11	16	22	24	
683	3	16	
684	16	21	
685	1	16	20	21	26	
686	3	6	13	16	
687	1	16	21	27	
688	6	16	20	22	24	
689	6	10	22	
690	1	2	3	6	10	14	15	16	17	18	20	21	22	23	24	26	27	
691	6	8	10	16	20	21	24	
692	1	3	16	
693	6	22	24	
694	3	6	16	22	23	
695	16	21	
696	16	20	21	27	
697	6	24	
698	6	14	16	17	
699	6	16	21	22	24	26	
700	8	16	
701	8	10	
702	16	22	
703	3	27	
704	16	21	
705	6	16	21	24	26	
706	3	6	16	
707	2	3	6	10	13	14	15	16	17	18	20	21	22	23	24	26	
708	2	6	10	15	16	18	20	21	22	23	24	26	
709	6	8	16	21	22	23	24	26	
710	6	21	
711	8	16	21	
712	6	20	22	24	
713	6	14	16	17	27	
714	14	17	
715	2	3	6	13	15	16	18	21	22	23	24	27	
716	5	
717	10	16	22	
718	16	27	
719	3	6	13	22	
720	16	26	
721	16	27	
722	3	16	
723	6	21	
724	6	16	22	
725	6	22	
726	16	22	
727	6	16	21	22	23	24	26	
728	6	16	22	24	
729	16	24	
730	3	6	13	16	22	24	27	
731	16	26	
732	6	21	
733	8	16	
734	6	16	22	
735	6	8	
736	3	6	10	16	21	22	26	27	
737	16	21	
738	26	27	
739	16	23	24	
740	8	16	27	
741	6	14	16	17	21	22	24	27	
742	16	21	26	
743	3	6	16	22	
744	8	21	
745	6	16	
746	26	27	
747	6	22	
748	16	27	
749	3	16	21	26	27	
750	2	6	15	16	18	22	23	24	
751	16	27	
752	9	20	27	
753	16	27	
754	6	16	
755	2	15	18	23	
756	6	8	
757	6	10	16	22	24	
758	26	27	
759	6	8	16	21	22	23	24	
760	6	16	22	24	
761	6	21	
762	10	16	27	
763	6	16	21	22	24	26	
764	7	25	
765	2	6	8	15	18	22	23	27	
766	8	16	26	27	
767	6	22	
768	8	16	23	
769	6	14	16	17	21	22	24	26	
770	16	21	
771	6	21	
772	2	15	16	18	23	24	27	
773	8	16	
774	8	16	
775	16	22	24	26	
776	3	16	22	
777	1	6	10	13	16	21	22	
778	3	6	16	22	
779	3	8	
780	1	16	23	24	
781	2	15	16	18	20	22	23	
782	6	13	16	20	21	
783	6	16	22	24	
784	6	16	21	22	24	26	
785	8	10	
786	1	3	8	16	20	21	23	26	
787	6	16	22	23	24	
788	6	16	21	22	23	24	26	
789	1	3	10	16	20	21	22	24	26	
790	6	24	
791	3	6	16	21	22	23	24	
792	1	2	3	4	6	7	8	10	14	15	16	17	18	19	20	21	22	23	24	26	27	
793	1	10	16	27	
794	6	8	14	16	17	20	21	22	24	26	
795	3	16	
796	2	15	18	23	
797	16	23	24	
798	3	16	21	27	
799	8	20	
800	
801	21	22	27	
802	6	16	21	22	24	26	
803	12	20	27	
804	2	3	6	8	15	16	18	21	22	23	24	
805	3	16	27	
806	1	2	6	15	16	18	20	21	22	23	24	26	
807	16	21	23	
808	16	21	
809	14	17	
810	2	6	14	15	16	17	18	20	21	22	23	24	
811	3	16	
812	3	6	14	16	17	20	21	22	24	26	
813	16	21	22	23	24	26	
814	6	22	
815	6	14	16	17	21	22	
816	2	6	8	15	16	18	22	23	24	
817	6	16	22	27	
818	8	16	21	26	
819	1	3	6	13	16	21	22	24	26	
820	6	22	24	
821	6	16	22	24	
822	21	26	27	
823	16	20	21	26	
824	2	3	6	15	16	18	21	22	23	26	
825	6	20	
826	6	16	27	
827	22	24	
828	2	6	14	15	16	17	18	20	21	22	23	24	26	
829	16	23	
830	6	16	22	24	
831	6	20	22	
832	6	16	21	22	26	
833	16	27	
834	3	6	16	22	23	
835	16	27	
836	8	16	
837	10	16	
838	16	21	22	
839	10	16	
840	10	13	
841	16	27	
842	1	16	20	21	26	
843	16	27	
844	16	21	
845	2	15	16	18	23	
846	6	16	21	24	
847	1	6	16	21	22	26	27	
848	16	27	
849	8	16	26	
850	1	2	6	8	15	16	18	21	22	23	24	26	
851	3	13	21	22	23	24	26	27	
852	3	16	27	
853	2	6	15	18	23	
854	16	24	
855	8	22	
856	6	21	
857	1	10	16	
858	3	6	10	16	20	21	22	23	24	26	27	
859	6	16	21	26	
860	3	16	27	
861	6	16	21	22	24	
862	16	23	
863	6	16	22	24	
864	1	3	6	16	20	21	22	24	26	
865	3	6	10	16	20	21	22	24	
866	1	6	8	22	24	26	
867	6	16	23	27	
868	16	21	26	27	
869	16	20	22	24	
870	8	16	
871	16	22	26	
872	16	23	
873	3	6	10	16	22	24	27	
874	16	21	
875	6	10	16	21	22	24	26	
876	10	16	
877	1	16	21	23	24	26	
878	16	27	
879	10	16	21	24	
880	6	8	10	16	21	22	24	27	
881	1	2	3	6	14	15	16	17	18	20	21	22	23	24	26	27	
882	6	21	
883	2	3	6	15	16	18	22	23	24	27	
884	16	20	26	
885	2	15	18	23	
886	16	23	
887	16	26	
888	8	21	24	
889	6	20	21	22	24	
890	21	22	
891	2	6	15	18	22	23	
892	16	21	23	
893	21	26	27	
894	6	8	13	16	20	22	24	26	
895	2	6	14	15	16	17	18	23	24	
896	3	6	20	22	
897	14	16	17	
898	10	16	21	
899	6	10	24	
900	16	23	
901	16	21	24	
902	6	16	22	
903	6	8	
904	3	6	10	16	21	22	
905	2	15	18	23	
906	3	6	16	21	22	24	26	
907	6	16	23	24	
908	6	16	21	22	24	
909	16	21	
910	22	24	
911	2	6	8	15	16	18	21	22	23	24	
912	1	21	
913	
914	3	6	22	25	
915	16	21	
916	16	21	23	
917	21	27	
918	3	6	8	10	16	21	22	
919	2	15	18	23	
920	6	16	22	
921	6	16	22	
922	16	27	
923	6	24	27	
924	16	27	
925	16	26	
926	1	6	16	21	22	23	24	
927	2	3	6	8	14	15	16	17	18	21	22	23	24	26	
928	6	21	26	27	
929	6	16	22	
930	6	8	24	
931	10	16	
932	6	27	
933	1	2	3	6	14	15	16	17	18	20	21	22	23	24	26	27	
934	6	16	22	
935	22	24	
936	16	23	
937	6	8	14	16	17	22	23	24	
938	3	16	
939	1	3	16	20	23	
940	3	16	
941	2	15	16	18	23	
942	3	16	21	22	24	26	27	
943	2	15	18	23	24	
944	1	6	16	22	23	24	
945	16	21	
946	16	21	22	
947	6	16	22	
948	16	27	
949	1	3	12	26	27	
950	10	16	
951	16	23	
952	10	16	21	
953	8	16	
954	2	6	15	16	18	20	21	22	23	24	26	
955	2	15	16	18	23	27	
956	10	27	
957	2	15	18	23	
958	16	23	
959	16	21	27	
960	3	6	16	
961	16	27	
962	6	16	
963	2	15	18	23	
964	6	16	21	22	24	
965	6	16	21	22	24	
966	8	16	
967	16	20	26	
968	16	27	
969	6	16	22	24	
970	16	27	
971	2	15	18	23	
972	6	16	21	22	24	27	
973	3	6	22	24	
974	1	6	8	16	22	24	26	
975	1	6	8	21	
976	1	21	22	24	26	
977	6	24	
978	6	24	
979	16	23	
980	2	6	15	16	18	21	22	23	24	
981	22	24	
982	8	16	20	22	23	24	
983	2	3	6	15	16	18	20	22	23	24	
984	16	21	
985	16	24	
986	16	21	
987	8	10	
988	8	16	27	
989	16	22	
990	2	6	10	15	16	18	20	22	23	24	
